20581.172120785854 1
18522.05490870727 2
16668.849417836544 2
15000.96447605289 2
13499.868028447601 2
12148.881225602841 2
10932.993103042558 1
9838.693792738302 2
8853.824413464472 2
22869.080134206502 1
12148.881225602841 1
7967.441972118025 0
25411.200149118336 1
22869.080134206502 2
20581.172120785854 2
18522.05490870727 2
16668.849417836544 2
15000.96447605289 2
13499.868028447601 2
7169.697774906223 0
28235.77794346482 1
18522.05490870727 0
6451.727997415601 0
31374.19771496091 1
16668.849417836544 0
15000.96447605289 2
13499.868028447601 2
4700.599710115974 3
5223.999677906637 3
5805.555197674041 0
34861.33079440101 1
15000.96447605289 0
5223.999677906637 0
38735.92310489001 1
13499.868028447601 0
89999.0 3
100000.0 3
0.0 0
4700.599710115974 0
43041.02567210001 1
80998.1 0
4229.539739104376 0
47824.47296900001 3
53139.41441000001 3
59044.904900000016 3
65606.56100000002 3
72897.29000000001 0
65606.56100000002 2
59044.904900000016 2
3805.5857651939386 0
0.0 0
