8853.824413464472 3
9838.693792738302 3
10932.993103042558 3
12148.881225602841 3
13499.868028447601 3
15000.96447605289 3
16668.849417836544 1
18522.05490870727 3
20581.172120785854 3
22869.080134206502 3
25411.200149118336 3
28235.77794346482 3
31374.19771496091 1
59044.904900000016 1
65606.56100000002 3
72897.29000000001 1
89999.0 1
9838.693792738302 0
18522.05490870727 1
34861.33079440101 1
65606.56100000002 1
80998.1 1
100000.0 1
7169.697774906223 3
7967.441972118025 3
8853.824413464472 0
16668.849417836544 3
18522.05490870727 3
20581.172120785854 1
25411.200149118336 1
31374.19771496091 1
38735.92310489001 1
72897.29000000001 3
80998.1 3
89999.0 3
100000.0 3
0.0 0
22869.080134206502 1
28235.77794346482 1
34861.33079440101 1
43041.02567210001 1
65606.56100000002 0
80998.1 0
2493.4058205437436 1
16668.849417836544 3
18522.05490870727 3
20581.172120785854 3
22869.080134206502 3
25411.200149118336 3
28235.77794346482 3
31374.19771496091 3
34861.33079440101 3
38735.92310489001 3
43041.02567210001 3
47824.47296900001 3
53139.41441000001 3
59044.904900000016 0
72897.29000000001 0
38735.92310489001 1
2771.5620228263815 1
18522.05490870727 0
43041.02567210001 0
53139.41441000001 0
65606.56100000002 0
43041.02567210001 1
3080.6244698070905 1
3805.5857651939386 1
16668.849417836544 0
18522.05490870727 3
20581.172120785854 3
22869.080134206502 3
25411.200149118336 3
28235.77794346482 3
31374.19771496091 3
34861.33079440101 3
38735.92310489001 0
47824.47296900001 0
53139.41441000001 3
59044.904900000016 0
53139.41441000001 2
47824.47296900001 2
3424.027188674545 1
4229.539739104376 1
18522.05490870727 0
28235.77794346482 0
53139.41441000001 0
3805.5857651939386 3
4229.539739104376 3
4700.599710115974 3
5223.999677906637 3
5805.555197674041 1
16668.849417836544 0
20581.172120785854 3
22869.080134206502 3
25411.200149118336 0
22869.080134206502 2
20581.172120785854 2
16668.849417836544 1
47824.47296900001 0
43041.02567210001 2
38735.92310489001 2
3424.027188674545 0
6451.727997415601 1
22869.080134206502 0
18522.05490870727 1
43041.02567210001 0
34861.33079440101 0
3080.6244698070905 0
5805.555197674041 3
6451.727997415601 3
7169.697774906223 3
7967.441972118025 3
8853.824413464472 1
16668.849417836544 3
18522.05490870727 3
20581.172120785854 0
16668.849417836544 1
20581.172120785854 1
38735.92310489001 0
31374.19771496091 0
3424.027188674545 1
6451.727997415601 0
9838.693792738302 1
18522.05490870727 0
18522.05490870727 1
22869.080134206502 1
34861.33079440101 0
3805.5857651939386 3
4229.539739104376 3
4700.599710115974 3
5223.999677906637 3
5805.555197674041 0
10932.993103042558 3
12148.881225602841 3
13499.868028447601 3
15000.96447605289 3
16668.849417836544 0
18522.05490870727 3
20581.172120785854 3
22869.080134206502 3
25411.200149118336 3
28235.77794346482 3
31374.19771496091 0
28235.77794346482 2
25411.200149118336 2
4229.539739104376 0
5223.999677906637 0
9838.693792738302 0
12148.881225602841 0
15000.96447605289 0
22869.080134206502 0
28235.77794346482 0
2017.7587146404323 1
3805.5857651939386 0
4700.599710115974 0
8853.824413464472 0
10932.993103042558 0
13499.868028447601 0
16668.849417836544 3
18522.05490870727 3
20581.172120785854 0
22869.080134206502 3
25411.200149118336 0
22869.080134206502 2
20581.172120785854 2
2243.065238489369 1
3424.027188674545 0
12148.881225602841 0
18522.05490870727 0
22869.080134206502 0
2493.4058205437436 3
2771.5620228263815 3
3080.6244698070905 0
5805.555197674041 3
6451.727997415601 3
7169.697774906223 3
7967.441972118025 3
8853.824413464472 3
9838.693792738302 3
10932.993103042558 0
12148.881225602841 3
13499.868028447601 3
15000.96447605289 3
16668.849417836544 0
20581.172120785854 0
18522.05490870727 2
16668.849417836544 2
2243.065238489369 0
5223.999677906637 0
6451.727997415601 0
9838.693792738302 0
15000.96447605289 0
15000.96447605289 0
2017.7587146404323 0
3805.5857651939386 3
4229.539739104376 3
4700.599710115974 0
5223.999677906637 3
5805.555197674041 0
7169.697774906223 3
7967.441972118025 3
8853.824413464472 0
10932.993103042558 3
12148.881225602841 3
13499.868028447601 0
12148.881225602841 2
10932.993103042558 2
12148.881225602841 3
13499.868028447601 0
0.0 0
