189.68777788271387 1
365.7477836348981 3
407.497537372109 3
453.88615263567664 3
505.42905848408515 3
562.6989538712057 3
626.3321709680064 3
697.035745520007 3
775.5952728000078 3
862.8836364444531 1
1067.634119067226 1
959.8707071605035 2
862.8836364444531 2
959.8707071605035 3
1067.634119067226 3
1187.371243408029 3
1320.4124926755876 3
1468.2361029728752 3
1632.4845588587502 3
1814.9828431763892 3
2017.7587146404323 1
1632.4845588587502 1
862.8836364444531 3
959.8707071605035 3
1067.634119067226 1
211.87530875857095 1
407.497537372109 0
505.42905848408515 0
626.3321709680064 0
959.8707071605035 1
1187.371243408029 1
959.8707071605035 0
2243.065238489369 1
1814.9828431763892 1
1187.371243408029 1
236.52812084285662 3
263.9201342698407 3
294.3557047442674 3
328.1730052714083 3
365.7477836348981 0
453.88615263567664 0
562.6989538712057 0
1067.634119067226 3
1187.371243408029 3
1320.4124926755876 1
1187.371243408029 2
1067.634119067226 2
959.8707071605035 2
862.8836364444531 0
1067.634119067226 1
862.8836364444531 1
2493.4058205437436 1
2017.7587146404323 1
1067.634119067226 3
1187.371243408029 3
1320.4124926755876 1
263.9201342698407 0
505.42905848408515 0
453.88615263567664 2
1468.2361029728752 1
1187.371243408029 1
959.8707071605035 1
2771.5620228263815 1
2243.065238489369 1
1468.2361029728752 1
189.68777788271387 3
211.87530875857095 3
236.52812084285662 0
211.87530875857095 2
189.68777788271387 2
169.7190000944425 2
151.74710008499824 2
453.88615263567664 0
1320.4124926755876 3
1468.2361029728752 3
1632.4845588587502 1
1814.9828431763892 3
2017.7587146404323 1
1814.9828431763892 2
1632.4845588587502 2
1468.2361029728752 2
1320.4124926755876 2
1187.371243408029 2
1067.634119067226 2
3080.6244698070905 1
2493.4058205437436 1
2017.7587146404323 1
1814.9828431763892 2
1632.4845588587502 2
169.7190000944425 0
211.87530875857095 0
169.7190000944425 0
135.5723900764984 0
407.497537372109 0
1814.9828431763892 1
2243.065238489369 1
3424.027188674545 1
2771.5620228263815 1
2243.065238489369 1
1468.2361029728752 0
151.74710008499824 0
189.68777788271387 0
151.74710008499824 0
135.5723900764984 2
121.01515106884857 0
365.7477836348981 0
328.1730052714083 2
294.3557047442674 2
2017.7587146404323 1
2493.4058205437436 3
2771.5620228263815 3
3080.6244698070905 3
3424.027188674545 1
3080.6244698070905 2
4700.599710115974 1
3805.5857651939386 1
3424.027188674545 2
3080.6244698070905 2
2771.5620228263815 2
2493.4058205437436 2
1320.4124926755876 0
135.5723900764984 0
107.9136359619637 0
328.1730052714083 0
2243.065238489369 1
3805.5857651939386 1
5223.999677906637 1
4229.539739104376 1
2771.5620228263815 0
2243.065238489369 0
1187.371243408029 0
121.01515106884857 0
59.62682289917996 3
67.3631365546444 3
75.95904061627155 3
85.51004512919062 3
96.12227236576734 0
294.3557047442674 0
2017.7587146404323 3
2243.065238489369 3
2493.4058205437436 3
2771.5620228263815 3
3080.6244698070905 3
3424.027188674545 3
3805.5857651939386 3
4229.539739104376 3
4700.599710115974 3
5223.999677906637 3
5805.555197674041 1
5223.999677906637 2
4700.599710115974 2
2493.4058205437436 0
2017.7587146404323 0
1067.634119067226 0
107.9136359619637 0
52.66414060926197 0
85.51004512919062 0
75.95904061627155 2
1814.9828431763892 0
2243.065238489369 0
2771.5620228263815 0
3424.027188674545 0
4229.539739104376 0
6451.727997415601 1
96.12227236576734 0
46.397726548335775 0
35.68215850415198 1
75.95904061627155 0
1320.4124926755876 3
1468.2361029728752 3
1632.4845588587502 0
2017.7587146404323 0
2493.4058205437436 0
3080.6244698070905 0
3424.027188674545 3
3805.5857651939386 0
7169.697774906223 1
7967.441972118025 3
8853.824413464472 1
9838.693792738302 3
10932.993103042558 3
12148.881225602841 3
13499.868028447601 3
15000.96447605289 3
16668.849417836544 1
85.51004512919062 0
40.7579538935022 0
40.7579538935022 1
67.3631365546444 0
1468.2361029728752 0
1814.9828431763892 0
2243.065238489369 0
7967.441972118025 1
9838.693792738302 1
18522.05490870727 1
75.95904061627155 0
35.68215850415198 0
46.397726548335775 3
52.66414060926197 3
59.62682289917996 0
52.66414060926197 2
46.397726548335775 2
1320.4124926755876 0
1632.4845588587502 0
1814.9828431763892 3
2017.7587146404323 0
5805.555197674041 3
6451.727997415601 3
7169.697774906223 3
7967.441972118025 3
8853.824413464472 3
9838.693792738302 3
10932.993103042558 3
12148.881225602841 3
13499.868028447601 3
15000.96447605289 3
16668.849417836544 1
20581.172120785854 1
67.3631365546444 0
31.11394265373678 0
40.7579538935022 0
52.66414060926197 0
40.7579538935022 0
1468.2361029728752 0
1814.9828431763892 0
6451.727997415601 0
7967.441972118025 0
9838.693792738302 0
18522.05490870727 1
22869.080134206502 1
59.62682289917996 0
27.002548388363103 0
35.68215850415198 0
46.397726548335775 0
35.68215850415198 0
31.11394265373678 2
27.002548388363103 2
1320.4124926755876 0
1632.4845588587502 0
4700.599710115974 3
5223.999677906637 3
5805.555197674041 0
6451.727997415601 3
7169.697774906223 0
8853.824413464472 0
7967.441972118025 2
7169.697774906223 2
20581.172120785854 3
22869.080134206502 3
25411.200149118336 1
52.66414060926197 0
23.302293549526794 0
40.7579538935022 1
52.66414060926197 1
31.11394265373678 0
23.302293549526794 0
1187.371243408029 0
1468.2361029728752 0
1320.4124926755876 2
5223.999677906637 0
18522.05490870727 0
28235.77794346482 1
46.397726548335775 0
19.972064194574116 0
46.397726548335775 1
59.62682289917996 1
27.002548388363103 0
19.972064194574116 0
1067.634119067226 0
1320.4124926755876 0
3805.5857651939386 3
4229.539739104376 3
4700.599710115974 0
4229.539739104376 2
3805.5857651939386 2
10932.993103042558 3
12148.881225602841 3
13499.868028447601 3
15000.96447605289 3
16668.849417836544 0
31374.19771496091 1
40.7579538935022 0
52.66414060926197 1
67.3631365546444 1
16.974857775116707 0
1187.371243408029 0
3424.027188674545 0
34861.33079440101 1
35.68215850415198 0
40.7579538935022 3
46.397726548335775 3
52.66414060926197 3
59.62682289917996 1
75.95904061627155 3
85.51004512919062 3
96.12227236576734 1
14.277371997605037 0
59.62682289917996 1
1067.634119067226 0
959.8707071605035 2
862.8836364444531 2
775.5952728000078 2
697.035745520007 2
3080.6244698070905 0
2771.5620228263815 2
2493.4058205437436 2
25411.200149118336 3
28235.77794346482 3
31374.19771496091 3
34861.33079440101 3
38735.92310489001 1
31.11394265373678 0
67.3631365546444 1
107.9136359619637 1
67.3631365546444 1
959.8707071605035 0
2771.5620228263815 0
2243.065238489369 0
43041.02567210001 1
27.002548388363103 0
59.62682289917996 3
67.3631365546444 3
75.95904061627155 1
96.12227236576734 3
107.9136359619637 3
121.01515106884857 1
107.9136359619637 2
96.12227236576734 2
85.51004512919062 2
75.95904061627155 2
862.8836364444531 0
959.8707071605035 3
1067.634119067226 1
2017.7587146404323 3
2243.065238489369 3
2493.4058205437436 0
2017.7587146404323 0
72897.29000000001 1
65606.56100000002 2
59044.904900000016 1
53139.41441000001 2
47824.47296900001 2
23.302293549526794 0
19.972064194574116 2
85.51004512919062 1
135.5723900764984 1
959.8707071605035 1
1187.371243408029 1
1814.9828431763892 0
2243.065238489369 0
80998.1 1
65606.56100000002 1
19.972064194574116 0
75.95904061627155 1
96.12227236576734 3
107.9136359619637 3
121.01515106884857 3
135.5723900764984 3
151.74710008499824 1
135.5723900764984 2
121.01515106884857 2
107.9136359619637 2
96.12227236576734 2
1067.634119067226 3
1187.371243408029 3
1320.4124926755876 3
1468.2361029728752 3
1632.4845588587502 0
2017.7587146404323 0
0.0 0
100000.0 2
89999.0 2
80998.1 2
72897.29000000001 2
38735.92310489001 1
16.974857775116707 0
85.51004512919062 1
169.7190000944425 1
107.9136359619637 0
959.8707071605035 0
1187.371243408029 0
1814.9828431763892 0
80998.1 0
65606.56100000002 0
43041.02567210001 1
14.277371997605037 0
96.12227236576734 3
107.9136359619637 3
121.01515106884857 3
135.5723900764984 3
151.74710008499824 3
169.7190000944425 3
189.68777788271387 1
96.12227236576734 0
697.035745520007 3
775.5952728000078 3
862.8836364444531 0
1067.634119067226 0
1320.4124926755876 3
1468.2361029728752 3
1632.4845588587502 0
1468.2361029728752 2
1320.4124926755876 2
72897.29000000001 0
59044.904900000016 0
53139.41441000001 2
47824.47296900001 2
85.51004512919062 0
107.9136359619637 0
211.87530875857095 1
85.51004512919062 0
1468.2361029728752 0
43041.02567210001 0
59.62682289917996 3
67.3631365546444 3
75.95904061627155 0
96.12227236576734 0
46.397726548335775 1
236.52812084285662 1
75.95904061627155 0
67.3631365546444 2
59.62682289917996 2
453.88615263567664 1
862.8836364444531 3
959.8707071605035 3
1067.634119067226 3
1187.371243408029 3
1320.4124926755876 0
697.035745520007 1
626.3321709680064 2
562.6989538712057 2
505.42905848408515 2
453.88615263567664 2
38735.92310489001 0
52.66414060926197 0
67.3631365546444 0
85.51004512919062 0
52.66414060926197 1
263.9201342698407 1
505.42905848408515 1
775.5952728000078 0
959.8707071605035 0
1187.371243408029 0
775.5952728000078 1
34861.33079440101 0
46.397726548335775 0
59.62682289917996 0
67.3631365546444 3
75.95904061627155 0
67.3631365546444 2
59.62682289917996 2
294.3557047442674 3
328.1730052714083 3
365.7477836348981 3
407.497537372109 3
453.88615263567664 3
505.42905848408515 3
562.6989538712057 3
626.3321709680064 3
697.035745520007 0
862.8836364444531 0
959.8707071605035 3
1067.634119067226 0
959.8707071605035 2
862.8836364444531 2
775.5952728000078 2
697.035745520007 2
25411.200149118336 3
28235.77794346482 3
31374.19771496091 0
0.0 0
