2017.7587146404323 1
2493.4058205437436 3
2771.5620228263815 1
3080.6244698070905 3
3424.027188674545 3
3805.5857651939386 1
3424.027188674545 2
3080.6244698070905 2
2771.5620228263815 2
2493.4058205437436 2
2017.7587146404323 1
1814.9828431763892 2
1632.4845588587502 2
862.8836364444531 3
959.8707071605035 3
1067.634119067226 1
862.8836364444531 1
294.3557047442674 3
328.1730052714083 3
365.7477836348981 3
407.497537372109 3
453.88615263567664 1
407.497537372109 2
365.7477836348981 2
294.3557047442674 1
236.52812084285662 1
121.01515106884857 3
135.5723900764984 3
151.74710008499824 1
135.5723900764984 2
121.01515106884857 2
107.9136359619637 2
96.12227236576734 2
14.277371997605037 1
9.66467131806008 1
-4.446115994589077 1
-5.001504395130169 2
-5.5013539556171525 2
2243.065238489369 1
3080.6244698070905 1
4229.539739104376 1
2771.5620228263815 0
2243.065238489369 1
1187.371243408029 1
959.8707071605035 1
505.42905848408515 1
328.1730052714083 1
263.9201342698407 1
169.7190000944425 1
96.12227236576734 0
16.974857775116707 1
11.849634797844534 1
-3.8290177717656406 1
2493.4058205437436 3
2771.5620228263815 3
3080.6244698070905 3
3424.027188674545 3
3805.5857651939386 3
4229.539739104376 3
4700.599710115974 1
2493.4058205437436 0
2243.065238489369 2
2017.7587146404323 2
2243.065238489369 3
2493.4058205437436 1
1320.4124926755876 3
1468.2361029728752 3
1632.4845588587502 1
1320.4124926755876 1
1187.371243408029 2
1067.634119067226 2
862.8836364444531 1
697.035745520007 1
562.6989538712057 1
505.42905848408515 2
453.88615263567664 2
407.497537372109 2
365.7477836348981 2
328.1730052714083 2
294.3557047442674 2
263.9201342698407 2
236.52812084285662 2
211.87530875857095 2
189.68777788271387 2
169.7190000944425 2
151.74710008499824 2
14.277371997605037 3
16.974857775116707 3
19.972064194574116 1
16.974857775116707 2
14.277371997605037 2
-3.1433530797396005 3
-2.3815034219328894 3
-1.5350038021476549 1
5223.999677906637 1
2243.065238489369 0
1814.9828431763892 0
2771.5620228263815 1
1814.9828431763892 1
1468.2361029728752 1
959.8707071605035 1
775.5952728000078 1
626.3321709680064 1
407.497537372109 0
211.87530875857095 0
11.849634797844534 0
23.302293549526794 1
11.849634797844534 0
-3.8290177717656406 0
-0.5944486690529498 1
7169.697774906223 1
8853.824413464472 1
4700.599710115974 3
5223.999677906637 3
5805.555197674041 1
2017.7587146404323 0
1814.9828431763892 2
1632.4845588587502 0
3080.6244698070905 1
2771.5620228263815 2
2493.4058205437436 2
2243.065238489369 2
2017.7587146404323 2
1632.4845588587502 1
1468.2361029728752 2
1320.4124926755876 2
1187.371243408029 2
1067.634119067226 2
959.8707071605035 2
862.8836364444531 2
775.5952728000078 2
697.035745520007 2
365.7477836348981 0
121.01515106884857 3
135.5723900764984 3
151.74710008499824 3
169.7190000944425 3
189.68777788271387 0
169.7190000944425 2
151.74710008499824 2
135.5723900764984 2
121.01515106884857 2
9.66467131806008 0
27.002548388363103 1
9.66467131806008 0
-4.446115994589077 0
0.4506125899411668 1
7967.441972118025 1
9838.693792738302 1
6451.727997415601 1
3424.027188674545 1
1814.9828431763892 1
959.8707071605035 0
107.9136359619637 0
169.7190000944425 0
107.9136359619637 0
31.11394265373678 1
7.698204186254072 0
1.6117917666012964 1
8853.824413464472 3
9838.693792738302 3
10932.993103042558 1
8853.824413464472 1
7967.441972118025 2
7169.697774906223 2
6451.727997415601 2
5805.555197674041 2
5223.999677906637 2
4700.599710115974 2
4229.539739104376 2
3805.5857651939386 1
3424.027188674545 2
3080.6244698070905 2
1632.4845588587502 3
1814.9828431763892 3
2017.7587146404323 1
1814.9828431763892 2
1632.4845588587502 1
862.8836364444531 0
453.88615263567664 1
407.497537372109 2
365.7477836348981 2
294.3557047442674 1
96.12227236576734 0
121.01515106884857 3
135.5723900764984 3
151.74710008499824 0
135.5723900764984 2
121.01515106884857 2
107.9136359619637 2
96.12227236576734 0
46.397726548335775 1
40.7579538935022 2
35.68215850415198 1
5.928383767628665 0
4.335545390865798 2
2.9019908517792183 2
1.6117917666012964 2
2.9019908517792183 1
12148.881225602841 1
9838.693792738302 1
6451.727997415601 0
5223.999677906637 0
4229.539739104376 1
2243.065238489369 1
1814.9828431763892 1
505.42905848408515 1
328.1730052714083 1
135.5723900764984 0
85.51004512919062 0
52.66414060926197 1
40.7579538935022 1
4.335545390865798 1
10932.993103042558 3
12148.881225602841 3
13499.868028447601 1
12148.881225602841 2
10932.993103042558 2
5805.555197674041 0
4700.599710115974 0
5805.555197674041 1
4700.599710115974 1
4229.539739104376 2
3805.5857651939386 1
3424.027188674545 2
3080.6244698070905 2
2771.5620228263815 2
2493.4058205437436 2
2243.065238489369 2
2017.7587146404323 2
1814.9828431763892 2
1632.4845588587502 2
562.6989538712057 1
294.3557047442674 3
328.1730052714083 3
365.7477836348981 1
328.1730052714083 2
294.3557047442674 2
96.12227236576734 3
107.9136359619637 3
121.01515106884857 0
107.9136359619637 2
96.12227236576734 2
85.51004512919062 2
75.95904061627155 0
67.3631365546444 2
59.62682289917996 2
52.66414060926197 2
46.397726548335775 2
40.7579538935022 2
35.68215850415198 2
2.9019908517792183 3
4.335545390865798 3
5.928383767628665 1
15000.96447605289 1
9838.693792738302 0
6451.727997415601 1
5223.999677906637 1
4229.539739104376 1
2243.065238489369 0
1814.9828431763892 0
626.3321709680064 1
407.497537372109 1
107.9136359619637 0
52.66414060926197 0
40.7579538935022 0
7.698204186254072 1
13499.868028447601 3
15000.96447605289 3
16668.849417836544 1
8853.824413464472 0
10932.993103042558 1
9838.693792738302 2
8853.824413464472 2
7169.697774906223 1
6451.727997415601 2
5805.555197674041 2
5223.999677906637 2
4700.599710115974 2
1632.4845588587502 3
1814.9828431763892 3
2017.7587146404323 0
1632.4845588587502 0
862.8836364444531 1
697.035745520007 1
626.3321709680064 2
562.6989538712057 2
505.42905848408515 2
453.88615263567664 2
59.62682289917996 3
67.3631365546444 3
75.95904061627155 3
85.51004512919062 3
96.12227236576734 0
14.277371997605037 3
16.974857775116707 3
19.972064194574116 1
46.397726548335775 0
35.68215850415198 0
19.972064194574116 1
14.277371997605037 1
9.66467131806008 1
12148.881225602841 0
18522.05490870727 1
10932.993103042558 3
12148.881225602841 1
7967.441972118025 1
5223.999677906637 0
1468.2361029728752 0
959.8707071605035 1
775.5952728000078 1
23.302293549526794 1
40.7579538935022 0
23.302293549526794 1
19.972064194574116 2
16.974857775116707 2
11.849634797844534 1
10932.993103042558 0
20581.172120785854 1
16668.849417836544 1
13499.868028447601 1
7169.697774906223 3
7967.441972118025 3
8853.824413464472 1
4700.599710115974 0
4229.539739104376 2
3805.5857651939386 2
2017.7587146404323 1
1814.9828431763892 2
1632.4845588587502 2
1320.4124926755876 0
1187.371243408029 2
1067.634119067226 2
959.8707071605035 2
862.8836364444531 2
775.5952728000078 2
697.035745520007 2
151.74710008499824 3
169.7190000944425 3
189.68777788271387 1
169.7190000944425 2
151.74710008499824 2
121.01515106884857 1
107.9136359619637 2
96.12227236576734 2
27.002548388363103 3
31.11394265373678 3
35.68215850415198 0
31.11394265373678 2
27.002548388363103 2
27.002548388363103 1
14.277371997605037 0
11.849634797844534 2
14.277371997605037 1
22869.080134206502 1
18522.05490870727 1
15000.96447605289 1
9838.693792738302 1
3424.027188674545 0
2243.065238489369 1
775.5952728000078 0
135.5723900764984 0
211.87530875857095 1
135.5723900764984 1
31.11394265373678 0
31.11394265373678 1
16.974857775116707 1
31374.19771496091 1
28235.77794346482 2
25411.200149118336 2
22869.080134206502 2
20581.172120785854 2
18522.05490870727 2
16668.849417836544 2
15000.96447605289 2
13499.868028447601 2
12148.881225602841 2
10932.993103042558 2
9838.693792738302 2
8853.824413464472 2
3080.6244698070905 0
2771.5620228263815 2
2493.4058205437436 2
236.52812084285662 1
294.3557047442674 1
328.1730052714083 3
365.7477836348981 1
697.035745520007 0
626.3321709680064 2
562.6989538712057 2
121.01515106884857 0
236.52812084285662 1
121.01515106884857 3
135.5723900764984 3
151.74710008499824 1
135.5723900764984 2
121.01515106884857 1
19.972064194574116 3
23.302293549526794 3
27.002548388363103 0
23.302293549526794 2
27.002548388363103 1
35.68215850415198 1
14.277371997605037 3
16.974857775116707 3
19.972064194574116 1
34861.33079440101 1
15000.96447605289 0
2771.5620228263815 0
263.9201342698407 1
328.1730052714083 1
407.497537372109 1
626.3321709680064 0
365.7477836348981 1
263.9201342698407 1
169.7190000944425 1
135.5723900764984 1
23.302293549526794 0
31.11394265373678 1
40.7579538935022 1
23.302293549526794 1
38735.92310489001 1
34861.33079440101 2
31374.19771496091 2
10932.993103042558 3
12148.881225602841 3
13499.868028447601 0
1320.4124926755876 3
1468.2361029728752 3
1632.4845588587502 3
1814.9828431763892 3
2017.7587146404323 3
2243.065238489369 3
2493.4058205437436 0
2243.065238489369 2
2017.7587146404323 2
294.3557047442674 3
328.1730052714083 3
365.7477836348981 3
407.497537372109 3
453.88615263567664 3
505.42905848408515 3
562.6989538712057 0
505.42905848408515 2
453.88615263567664 2
407.497537372109 2
365.7477836348981 2
328.1730052714083 2
294.3557047442674 2
151.74710008499824 3
169.7190000944425 3
189.68777788271387 1
169.7190000944425 2
151.74710008499824 1
135.5723900764984 2
121.01515106884857 2
19.972064194574116 0
35.68215850415198 3
40.7579538935022 3
46.397726548335775 1
40.7579538935022 2
35.68215850415198 2
27.002548388363103 1
43041.02567210001 1
562.6989538712057 1
1814.9828431763892 0
2243.065238489369 0
328.1730052714083 0
407.497537372109 0
505.42905848408515 0
328.1730052714083 0
189.68777788271387 1
211.87530875857095 1
169.7190000944425 1
52.66414060926197 1
31.11394265373678 1
47824.47296900001 1
562.6989538712057 3
626.3321709680064 3
697.035745520007 1
862.8836364444531 1
1067.634119067226 3
1187.371243408029 3
1320.4124926755876 1
1632.4845588587502 0
1814.9828431763892 3
2017.7587146404323 0
189.68777788271387 3
211.87530875857095 3
236.52812084285662 3
263.9201342698407 3
294.3557047442674 0
365.7477836348981 0
453.88615263567664 0
236.52812084285662 3
263.9201342698407 3
294.3557047442674 0
263.9201342698407 2
236.52812084285662 2
211.87530875857095 2
189.68777788271387 2
211.87530875857095 3
236.52812084285662 1
189.68777788271387 1
169.7190000944425 2
151.74710008499824 2
135.5723900764984 2
121.01515106884857 2
75.95904061627155 1
67.3631365546444 2
59.62682289917996 2
52.66414060926197 2
46.397726548335775 2
40.7579538935022 2
35.68215850415198 2
53139.41441000001 1
775.5952728000078 1
959.8707071605035 1
1468.2361029728752 1
1468.2361029728752 0
2243.065238489369 1
211.87530875857095 0
328.1730052714083 1
263.9201342698407 1
211.87530875857095 1
107.9136359619637 0
96.12227236576734 2
85.51004512919062 2
31.11394265373678 0
59044.904900000016 1
53139.41441000001 2
47824.47296900001 2
862.8836364444531 3
959.8707071605035 3
1067.634119067226 1
1320.4124926755876 1
1632.4845588587502 1
1320.4124926755876 0
2493.4058205437436 1
2243.065238489369 2
2017.7587146404323 2
189.68777788271387 0
169.7190000944425 2
151.74710008499824 2
453.88615263567664 1
236.52812084285662 3
263.9201342698407 3
294.3557047442674 3
328.1730052714083 3
365.7477836348981 1
407.497537372109 3
453.88615263567664 1
407.497537372109 2
365.7477836348981 2
328.1730052714083 2
294.3557047442674 2
263.9201342698407 2
236.52812084285662 2
75.95904061627155 3
85.51004512919062 3
96.12227236576734 0
75.95904061627155 0
67.3631365546444 2
59.62682289917996 2
52.66414060926197 2
46.397726548335775 2
40.7579538935022 2
35.68215850415198 2
65606.56100000002 1
1187.371243408029 1
1468.2361029728752 1
1814.9828431763892 1
2771.5620228263815 1
505.42905848408515 1
407.497537372109 1
505.42905848408515 1
85.51004512919062 0
67.3631365546444 0
52.66414060926197 0
72897.29000000001 1
65606.56100000002 2
59044.904900000016 2
53139.41441000001 2
47824.47296900001 2
1320.4124926755876 3
1468.2361029728752 3
1632.4845588587502 3
1814.9828431763892 3
2017.7587146404323 3
2243.065238489369 3
2493.4058205437436 3
2771.5620228263815 3
3080.6244698070905 1
1632.4845588587502 3
1814.9828431763892 3
2017.7587146404323 1
1632.4845588587502 1
562.6989538712057 1
697.035745520007 1
365.7477836348981 3
407.497537372109 3
453.88615263567664 1
505.42905848408515 3
562.6989538712057 1
505.42905848408515 2
453.88615263567664 2
-1.5350038021476549 3
-0.5944486690529498 3
0.4506125899411668 1
-0.5944486690529498 2
-1.5350038021476549 2
75.95904061627155 0
67.3631365546444 2
59.62682289917996 0
52.66414060926197 2
46.397726548335775 0
40.7579538935022 2
35.68215850415198 2
31.11394265373678 2
27.002548388363103 2
80998.1 1
43041.02567210001 0
38735.92310489001 2
1468.2361029728752 0
1814.9828431763892 0
2243.065238489369 0
3424.027188674545 1
2243.065238489369 1
1814.9828431763892 1
626.3321709680064 1
775.5952728000078 1
505.42905848408515 1
626.3321709680064 1
407.497537372109 0
1.6117917666012964 1
2.9019908517792183 1
52.66414060926197 0
40.7579538935022 0
31.11394265373678 0
23.302293549526794 0
89999.0 3
100000.0 3
0.0 0
38735.92310489001 0
1067.634119067226 3
1187.371243408029 3
1320.4124926755876 0
1632.4845588587502 0
2017.7587146404323 0
3805.5857651939386 1
3424.027188674545 2
3080.6244698070905 1
2493.4058205437436 1
2017.7587146404323 1
697.035745520007 3
775.5952728000078 3
862.8836364444531 3
959.8707071605035 3
1067.634119067226 1
562.6989538712057 3
626.3321709680064 3
697.035745520007 1
365.7477836348981 0
328.1730052714083 2
294.3557047442674 2
2.9019908517792183 1
5.928383767628665 1
4.335545390865798 2
2.9019908517792183 2
46.397726548335775 0
40.7579538935022 2
35.68215850415198 0
27.002548388363103 0
23.302293549526794 2
19.972064194574116 0
34861.33079440101 0
4229.539739104376 1
3424.027188674545 1
2771.5620228263815 1
2243.065238489369 1
1187.371243408029 1
775.5952728000078 1
263.9201342698407 0
4.335545390865798 1
7.698204186254072 1
31.11394265373678 0
20581.172120785854 3
22869.080134206502 3
25411.200149118336 3
28235.77794346482 3
31374.19771496091 0
28235.77794346482 2
25411.200149118336 2
22869.080134206502 2
20581.172120785854 2
18522.05490870727 2
16668.849417836544 2
3805.5857651939386 3
4229.539739104376 3
4700.599710115974 1
4229.539739104376 2
3805.5857651939386 1
3424.027188674545 2
3080.6244698070905 2
2771.5620228263815 2
2493.4058205437436 2
2243.065238489369 2
2017.7587146404323 1
1632.4845588587502 1
1320.4124926755876 1
1067.634119067226 1
959.8707071605035 2
862.8836364444531 2
775.5952728000078 2
697.035745520007 2
236.52812084285662 0
5.928383767628665 3
7.698204186254072 3
9.66467131806008 3
11.849634797844534 3
14.277371997605037 3
16.974857775116707 3
19.972064194574116 3
23.302293549526794 3
27.002548388363103 0
23.302293549526794 2
19.972064194574116 2
5.928383767628665 1
28235.77794346482 0
15000.96447605289 0
3424.027188674545 0
5223.999677906637 1
4229.539739104376 1
2243.065238489369 1
1814.9828431763892 1
1468.2361029728752 1
1187.371243408029 1
626.3321709680064 0
211.87530875857095 0
11.849634797844534 0
16.974857775116707 0
23.302293549526794 0
16.974857775116707 0
7.698204186254072 1
7169.697774906223 3
7967.441972118025 3
8853.824413464472 1
25411.200149118336 0
22869.080134206502 2
20581.172120785854 2
18522.05490870727 2
16668.849417836544 2
13499.868028447601 0
3080.6244698070905 0
5805.555197674041 1
4700.599710115974 1
4229.539739104376 2
3805.5857651939386 2
3424.027188674545 2
3080.6244698070905 2
2771.5620228263815 2
2493.4058205437436 2
2243.065238489369 2
2017.7587146404323 2
1814.9828431763892 2
1632.4845588587502 2
1468.2361029728752 2
1320.4124926755876 2
862.8836364444531 1
562.6989538712057 0
189.68777788271387 0
96.12227236576734 3
107.9136359619637 3
121.01515106884857 1
9.66467131806008 0
14.277371997605037 0
19.972064194574116 0
14.277371997605037 0
11.849634797844534 2
9.66467131806008 2
6451.727997415601 0
9838.693792738302 1
18522.05490870727 0
12148.881225602841 0
6451.727997415601 1
5223.999677906637 1
3424.027188674545 0
2771.5620228263815 0
1814.9828431763892 0
1187.371243408029 0
1067.634119067226 2
959.8707071605035 2
505.42905848408515 0
211.87530875857095 1
135.5723900764984 1
7.698204186254072 0
16.974857775116707 0
11.849634797844534 0
5805.555197674041 0
10932.993103042558 3
12148.881225602841 3
13499.868028447601 3
15000.96447605289 3
16668.849417836544 0
8853.824413464472 3
9838.693792738302 3
10932.993103042558 0
9838.693792738302 2
8853.824413464472 2
7967.441972118025 2
7169.697774906223 2
6451.727997415601 2
5805.555197674041 2
3080.6244698070905 0
2771.5620228263815 2
2493.4058205437436 0
1320.4124926755876 3
1468.2361029728752 3
1632.4845588587502 0
562.6989538712057 1
1067.634119067226 0
862.8836364444531 0
453.88615263567664 0
236.52812084285662 1
211.87530875857095 2
189.68777788271387 2
169.7190000944425 2
151.74710008499824 2
5.928383767628665 0
4.335545390865798 2
2.9019908517792183 2
14.277371997605037 0
11.849634797844534 2
9.66467131806008 0
7.698204186254072 2
5.928383767628665 2
9838.693792738302 0
12148.881225602841 0
15000.96447605289 0
9838.693792738302 0
5223.999677906637 0
2771.5620228263815 0
626.3321709680064 1
959.8707071605035 0
775.5952728000078 0
407.497537372109 0
263.9201342698407 1
169.7190000944425 0
135.5723900764984 0
4.335545390865798 0
1.6117917666012964 0
7.698204186254072 0
4.335545390865798 0
7169.697774906223 3
7967.441972118025 3
8853.824413464472 0
10932.993103042558 0
13499.868028447601 0
12148.881225602841 2
10932.993103042558 2
9838.693792738302 2
8853.824413464472 0
3080.6244698070905 3
3424.027188674545 3
3805.5857651939386 3
4229.539739104376 3
4700.599710115974 0
2493.4058205437436 0
365.7477836348981 3
407.497537372109 3
453.88615263567664 1
505.42905848408515 3
562.6989538712057 1
626.3321709680064 3
697.035745520007 3
775.5952728000078 3
862.8836364444531 0
775.5952728000078 2
697.035745520007 0
365.7477836348981 0
328.1730052714083 2
294.3557047442674 2
151.74710008499824 0
121.01515106884857 0
2.9019908517792183 0
0.4506125899411668 0
-1.5350038021476549 1
5.928383767628665 0
2.9019908517792183 0
7967.441972118025 0
9838.693792738302 0
12148.881225602841 0
7967.441972118025 0
2771.5620228263815 0
3424.027188674545 0
4229.539739104376 0
2243.065238489369 0
505.42905848408515 1
626.3321709680064 1
775.5952728000078 0
626.3321709680064 0
263.9201342698407 0
236.52812084285662 2
135.5723900764984 1
1.6117917666012964 1
-0.5944486690529498 1
4.335545390865798 0
27.002548388363103 1
7169.697774906223 0
8853.824413464472 0
10932.993103042558 0
75.95904061627155 1
7169.697774906223 0
2493.4058205437436 0
3080.6244698070905 0
3805.5857651939386 0
2017.7587146404323 0
1814.9828431763892 2
1632.4845588587502 2
562.6989538712057 3
626.3321709680064 3
697.035745520007 1
562.6989538712057 3
626.3321709680064 3
697.035745520007 0
562.6989538712057 0
505.42905848408515 2
453.88615263567664 2
236.52812084285662 0
189.68777788271387 1
169.7190000944425 2
151.74710008499824 2
0.4506125899411668 1
1.6117917666012964 3
2.9019908517792183 1
0.4506125899411668 1
1.6117917666012964 3
2.9019908517792183 0
-3.1433530797396005 1
31.11394265373678 1
85.51004512919062 1
2243.065238489369 0
1814.9828431763892 0
1468.2361029728752 0
775.5952728000078 1
505.42905848408515 0
407.497537372109 0
263.9201342698407 1
211.87530875857095 1
135.5723900764984 0
1.6117917666012964 1
4.335545390865798 1
1.6117917666012964 1
-2.3815034219328894 1
35.68215850415198 1
31.11394265373678 2
27.002548388363103 2
59.62682289917996 3
67.3631365546444 3
75.95904061627155 3
85.51004512919062 3
96.12227236576734 1
85.51004512919062 2
75.95904061627155 2
2017.7587146404323 0
1067.634119067226 3
1187.371243408029 3
1320.4124926755876 3
1468.2361029728752 3
1632.4845588587502 0
1320.4124926755876 0
1187.371243408029 2
1067.634119067226 2
959.8707071605035 2
862.8836364444531 2
453.88615263567664 0
236.52812084285662 3
263.9201342698407 3
294.3557047442674 3
328.1730052714083 3
365.7477836348981 0
328.1730052714083 2
294.3557047442674 2
263.9201342698407 2
236.52812084285662 2
121.01515106884857 0
2.9019908517792183 3
4.335545390865798 3
5.928383767628665 1
4.335545390865798 2
2.9019908517792183 2
1.6117917666012964 2
0.4506125899411668 2
-0.5944486690529498 2
-1.5350038021476549 2
40.7579538935022 1
107.9136359619637 1
75.95904061627155 1
959.8707071605035 0
1468.2361029728752 0
775.5952728000078 0
505.42905848408515 1
328.1730052714083 0
107.9136359619637 0
7.698204186254072 1
-0.5944486690529498 0
-2.3815034219328894 0
46.397726548335775 1
40.7579538935022 2
35.68215850415198 2
75.95904061627155 1
96.12227236576734 1
107.9136359619637 3
121.01515106884857 1
96.12227236576734 1
85.51004512919062 2
75.95904061627155 2
862.8836364444531 0
775.5952728000078 2
697.035745520007 2
1320.4124926755876 0
1187.371243408029 2
1067.634119067226 2
959.8707071605035 2
862.8836364444531 2
697.035745520007 0
626.3321709680064 2
562.6989538712057 2
505.42905848408515 2
453.88615263567664 2
236.52812084285662 3
263.9201342698407 3
294.3557047442674 0
59.62682289917996 3
67.3631365546444 3
75.95904061627155 3
85.51004512919062 3
96.12227236576734 0
85.51004512919062 2
75.95904061627155 2
9.66467131806008 1
-3.1433530797396005 3
-2.3815034219328894 3
-1.5350038021476549 0
-3.1433530797396005 0
52.66414060926197 1
85.51004512919062 1
107.9136359619637 1
135.5723900764984 1
107.9136359619637 1
67.3631365546444 0
775.5952728000078 0
1067.634119067226 3
1187.371243408029 0
775.5952728000078 0
407.497537372109 0
263.9201342698407 0
67.3631365546444 0
85.51004512919062 0
11.849634797844534 1
59.62682289917996 1
52.66414060926197 2
46.397726548335775 2
96.12227236576734 3
107.9136359619637 3
121.01515106884857 3
135.5723900764984 3
151.74710008499824 1
135.5723900764984 2
121.01515106884857 2
59.62682289917996 0
697.035745520007 0
365.7477836348981 1
1067.634119067226 0
959.8707071605035 2
862.8836364444531 2
697.035745520007 0
236.52812084285662 1
294.3557047442674 3
328.1730052714083 3
365.7477836348981 0
328.1730052714083 2
294.3557047442674 2
263.9201342698407 2
236.52812084285662 0
14.277371997605037 1
59.62682289917996 0
75.95904061627155 0
9.66467131806008 3
11.849634797844534 3
14.277371997605037 1
-1.5350038021476549 1
-2.3815034219328894 2
-3.1433530797396005 2
-3.8290177717656406 2
-4.446115994589077 2
67.3631365546444 1
169.7190000944425 1
626.3321709680064 0
407.497537372109 1
775.5952728000078 0
626.3321709680064 0
263.9201342698407 1
263.9201342698407 0
16.974857775116707 1
67.3631365546444 0
16.974857775116707 1
-0.5944486690529498 1
-5.001504395130169 0
75.95904061627155 3
85.51004512919062 3
96.12227236576734 1
121.01515106884857 1
135.5723900764984 3
151.74710008499824 3
169.7190000944425 3
189.68777788271387 1
236.52812084285662 1
294.3557047442674 1
562.6989538712057 0
505.42905848408515 2
453.88615263567664 2
505.42905848408515 3
562.6989538712057 3
626.3321709680064 3
697.035745520007 0
626.3321709680064 2
562.6989538712057 0
294.3557047442674 1
236.52812084285662 1
189.68777788271387 1
211.87530875857095 3
236.52812084285662 0
27.002548388363103 1
23.302293549526794 2
19.972064194574116 2
46.397726548335775 1
52.66414060926197 3
59.62682289917996 0
27.002548388363103 1
23.302293549526794 2
19.972064194574116 2
0.4506125899411668 1
-1.5350038021476549 1
-5.5013539556171525 0
67.3631365546444 0
107.9136359619637 1
135.5723900764984 1
211.87530875857095 1
263.9201342698407 1
328.1730052714083 1
505.42905848408515 0
407.497537372109 0
505.42905848408515 0
328.1730052714083 1
263.9201342698407 1
211.87530875857095 1
31.11394265373678 1
52.66414060926197 1
52.66414060926197 0
31.11394265373678 1
1.6117917666012964 1
-0.5944486690529498 1
59.62682289917996 0
121.01515106884857 3
135.5723900764984 3
151.74710008499824 3
169.7190000944425 3
189.68777788271387 3
211.87530875857095 3
236.52812084285662 3
263.9201342698407 3
294.3557047442674 3
328.1730052714083 3
365.7477836348981 3
407.497537372109 3
453.88615263567664 0
365.7477836348981 0
328.1730052714083 2
294.3557047442674 2
365.7477836348981 3
407.497537372109 3
453.88615263567664 0
407.497537372109 2
365.7477836348981 2
328.1730052714083 2
294.3557047442674 2
263.9201342698407 2
236.52812084285662 2
27.002548388363103 3
31.11394265373678 3
35.68215850415198 3
40.7579538935022 3
46.397726548335775 3
52.66414060926197 3
59.62682289917996 1
46.397726548335775 0
40.7579538935022 2
35.68215850415198 2
0.4506125899411668 3
1.6117917666012964 3
2.9019908517792183 1
1.6117917666012964 2
0.4506125899411668 1
-1.5350038021476549 1
67.3631365546444 1
107.9136359619637 0
135.5723900764984 0
169.7190000944425 0
211.87530875857095 0
328.1730052714083 0
407.497537372109 0
328.1730052714083 0
407.497537372109 0
328.1730052714083 0
263.9201342698407 0
211.87530875857095 0
67.3631365546444 1
40.7579538935022 0
31.11394265373678 0
4.335545390865798 1
1.6117917666012964 1
0.4506125899411668 2
-0.5944486690529498 1
75.95904061627155 3
85.51004512919062 3
96.12227236576734 0
121.01515106884857 0
151.74710008499824 0
189.68777788271387 0
236.52812084285662 3
263.9201342698407 3
294.3557047442674 0
365.7477836348981 0
328.1730052714083 2
294.3557047442674 2
236.52812084285662 3
263.9201342698407 3
294.3557047442674 0
365.7477836348981 0
294.3557047442674 0
236.52812084285662 0
189.68777788271387 0
169.7190000944425 2
151.74710008499824 2
135.5723900764984 2
121.01515106884857 2
107.9136359619637 2
96.12227236576734 2
85.51004512919062 2
75.95904061627155 2
35.68215850415198 0
31.11394265373678 2
27.002548388363103 0
23.302293549526794 2
19.972064194574116 2
5.928383767628665 1
4.335545390865798 2
2.9019908517792183 2
0.4506125899411668 1
67.3631365546444 0
85.51004512919062 0
169.7190000944425 0
263.9201342698407 0
328.1730052714083 0
263.9201342698407 0
263.9201342698407 0
263.9201342698407 0
169.7190000944425 0
135.5723900764984 0
85.51004512919062 0
16.974857775116707 0
7.698204186254072 1
1.6117917666012964 1
59.62682289917996 0
75.95904061627155 0
67.3631365546444 2
59.62682289917996 2
121.01515106884857 3
135.5723900764984 3
151.74710008499824 0
169.7190000944425 3
189.68777788271387 3
211.87530875857095 3
236.52812084285662 0
294.3557047442674 0
236.52812084285662 0
189.68777788271387 3
211.87530875857095 3
236.52812084285662 0
211.87530875857095 2
189.68777788271387 2
211.87530875857095 3
236.52812084285662 0
121.01515106884857 3
135.5723900764984 3
151.74710008499824 0
135.5723900764984 2
121.01515106884857 0
107.9136359619637 2
96.12227236576734 2
75.95904061627155 0
2.9019908517792183 3
4.335545390865798 3
5.928383767628665 3
7.698204186254072 3
9.66467131806008 3
11.849634797844534 3
14.277371997605037 0
11.849634797844534 2
9.66467131806008 2
7.698204186254072 2
5.928383767628665 2
4.335545390865798 2
2.9019908517792183 2
0.0 0
