20581.172 1
18522.055 2
16668.849 2
15000.964 2
13499.868 2
12148.881 2
10932.993 1
9838.6938 2
8853.8244 2
22869.08 1
12148.881 1
7967.442 0
25411.2 1
22869.08 2
20581.172 2
18522.055 2
16668.849 2
15000.964 2
13499.868 2
7169.6978 0
28235.778 1
18522.055 0
6451.728 0
31374.198 1
16668.849 0
15000.964 2
13499.868 2
4700.5997 3
5223.9997 3
5805.5552 0
34861.331 1
15000.964 0
5223.9997 0
38735.923 1
13499.868 0
89999.0 3
100000.0 3
0.0 0
4700.5997 0
43041.026 1
80998.1 0
4229.5397 0
47824.473 3
53139.414 3
59044.905 3
65606.561 3
72897.29 0
65606.561 2
59044.905 2
3805.5858 0
0.0 0
