8853.8244 3
9838.6938 3
10932.993 3
12148.881 3
13499.868 3
15000.964 3
16668.849 1
18522.055 3
20581.172 3
22869.08 3
25411.2 3
28235.778 3
31374.198 1
59044.905 1
65606.561 3
72897.29 1
89999.0 1
9838.6938 0
18522.055 1
34861.331 1
65606.561 1
80998.1 1
100000.0 1
7169.6978 3
7967.442 3
8853.8244 0
16668.849 3
18522.055 3
20581.172 1
25411.2 1
31374.198 1
38735.923 1
72897.29 3
80998.1 3
89999.0 3
100000.0 3
0.0 0
22869.08 1
28235.778 1
34861.331 1
43041.026 1
65606.561 0
80998.1 0
2493.4058 1
16668.849 3
18522.055 3
20581.172 3
22869.08 3
25411.2 3
28235.778 3
31374.198 3
34861.331 3
38735.923 3
43041.026 3
47824.473 3
53139.414 3
59044.905 0
72897.29 0
38735.923 1
2771.562 1
18522.055 0
43041.026 0
53139.414 0
65606.561 0
43041.026 1
3080.6245 1
3805.5858 1
16668.849 0
18522.055 3
20581.172 3
22869.08 3
25411.2 3
28235.778 3
31374.198 3
34861.331 3
38735.923 0
47824.473 0
53139.414 3
59044.905 0
53139.414 2
47824.473 2
3424.0272 1
4229.5397 1
18522.055 0
28235.778 0
53139.414 0
3805.5858 3
4229.5397 3
4700.5997 3
5223.9997 3
5805.5552 1
16668.849 0
20581.172 3
22869.08 3
25411.2 0
22869.08 2
20581.172 2
16668.849 1
47824.473 0
43041.026 2
38735.923 2
3424.0272 0
6451.728 1
22869.08 0
18522.055 1
43041.026 0
34861.331 0
3080.6245 0
5805.5552 3
6451.728 3
7169.6978 3
7967.442 3
8853.8244 1
16668.849 3
18522.055 3
20581.172 0
16668.849 1
20581.172 1
38735.923 0
31374.198 0
3424.0272 1
6451.728 0
9838.6938 1
18522.055 0
18522.055 1
22869.08 1
34861.331 0
3805.5858 3
4229.5397 3
4700.5997 3
5223.9997 3
5805.5552 0
10932.993 3
12148.881 3
13499.868 3
15000.964 3
16668.849 0
18522.055 3
20581.172 3
22869.08 3
25411.2 3
28235.778 3
31374.198 0
28235.778 2
25411.2 2
4229.5397 0
5223.9997 0
9838.6938 0
12148.881 0
15000.964 0
22869.08 0
28235.778 0
2017.7587 1
3805.5858 0
4700.5997 0
8853.8244 0
10932.993 0
13499.868 0
16668.849 3
18522.055 3
20581.172 0
22869.08 3
25411.2 0
22869.08 2
20581.172 2
2243.0652 1
3424.0272 0
12148.881 0
18522.055 0
22869.08 0
2493.4058 3
2771.562 3
3080.6245 0
5805.5552 3
6451.728 3
7169.6978 3
7967.442 3
8853.8244 3
9838.6938 3
10932.993 0
12148.881 3
13499.868 3
15000.964 3
16668.849 0
20581.172 0
18522.055 2
16668.849 2
2243.0652 0
5223.9997 0
6451.728 0
9838.6938 0
15000.964 0
15000.964 0
2017.7587 0
3805.5858 3
4229.5397 3
4700.5997 0
5223.9997 3
5805.5552 0
7169.6978 3
7967.442 3
8853.8244 0
10932.993 3
12148.881 3
13499.868 0
12148.881 2
10932.993 2
12148.881 3
13499.868 0
0.0 0
