189.68778 3
211.87531 3
236.52812 1
263.92013 3
294.3557 1
263.92013 2
236.52812 2
189.68778 1
169.719 2
151.7471 2
189.68778 1
96.122272 1
85.510045 2
75.959041 1
67.363137 2
59.626823 2
96.122272 1
85.510045 2
75.959041 2
67.363137 2
59.626823 2
52.664141 2
46.397727 2
121.01515 1
96.122272 1
46.397727 3
52.664141 3
59.626823 1
189.68778 1
236.52812 1
263.92013 1
328.17301 1
211.87531 1
211.87531 1
107.91364 1
85.510045 1
107.91364 1
67.363137 0
52.664141 0
135.57239 1
107.91364 1
67.363137 1
211.87531 1
263.92013 1
365.74778 1
294.3557 1
365.74778 1
189.68778 3
211.87531 3
236.52812 3
263.92013 3
294.3557 1
263.92013 2
236.52812 2
121.01515 1
96.122272 3
107.91364 3
121.01515 3
135.57239 1
121.01515 2
59.626823 0
46.397727 0
189.68778 1
151.7471 1
121.01515 1
107.91364 2
96.122272 2
85.510045 2
75.959041 2
236.52812 3
263.92013 3
294.3557 1
407.49754 1
328.17301 1
407.49754 1
211.87531 0
328.17301 1
211.87531 0
135.57239 1
151.7471 1
211.87531 1
169.719 1
135.57239 1
85.510045 0
328.17301 1
453.88615 1
365.74778 3
407.49754 3
453.88615 1
365.74778 1
189.68778 0
365.74778 1
189.68778 0
169.719 2
151.7471 2
135.57239 2
121.01515 2
151.7471 3
169.719 3
189.68778 1
211.87531 3
236.52812 1
294.3557 1
263.92013 2
236.52812 2
211.87531 2
189.68778 2
169.719 2
151.7471 2
75.959041 0
562.69895 1
453.88615 1
365.74778 1
505.42906 1
505.42906 1
407.49754 1
407.49754 1
211.87531 1
263.92013 1
328.17301 1
626.33217 1
505.42906 1
407.49754 1
562.69895 3
626.33217 3
697.03575 1
562.69895 1
453.88615 1
407.49754 2
365.74778 2
407.49754 3
453.88615 3
505.42906 3
562.69895 1
505.42906 2
453.88615 2
407.49754 2
365.74778 2
328.17301 2
294.3557 2
263.92013 2
236.52812 2
263.92013 3
294.3557 3
328.17301 3
365.74778 3
407.49754 3
453.88615 3
505.42906 3
562.69895 3
626.33217 3
697.03575 3
775.59527 3
862.88364 1
775.59527 2
697.03575 2
626.33217 2
562.69895 2
505.42906 2
453.88615 1
775.59527 1
626.33217 1
505.42906 1
626.33217 1
294.3557 0
505.42906 0
959.87071 1
505.42906 1
697.03575 1
775.59527 3
862.88364 1
775.59527 2
697.03575 2
626.33217 2
562.69895 2
505.42906 2
453.88615 2
562.69895 3
626.33217 3
697.03575 1
862.88364 1
1067.6341 3
1187.3712 3
1320.4125 3
1468.2361 3
1632.4846 1
2017.7587 1
2493.4058 1
2017.7587 1
453.88615 0
1320.4125 1
1187.3712 2
1067.6341 2
959.87071 2
862.88364 2
775.59527 2
697.03575 2
626.33217 2
562.69895 2
775.59527 1
959.87071 1
505.42906 0
775.59527 1
959.87071 1
1814.9828 1
2243.0652 1
2771.562 1
2243.0652 1
1468.2361 1
862.88364 1
1067.6341 1
365.74778 3
407.49754 3
453.88615 0
407.49754 2
365.74778 2
697.03575 3
775.59527 3
862.88364 3
959.87071 3
1067.6341 3
1187.3712 3
1320.4125 3
1468.2361 3
1632.4846 3
1814.9828 3
2017.7587 3
2243.0652 3
2493.4058 3
2771.562 3
3080.6245 1
2771.562 2
2493.4058 1
2243.0652 2
2017.7587 2
1814.9828 2
1632.4846 2
1468.2361 2
1320.4125 2
697.03575 1
626.33217 2
562.69895 2
505.42906 2
453.88615 2
959.87071 1
1187.3712 1
328.17301 0
328.17301 0
959.87071 0
1187.3712 0
1468.2361 0
1814.9828 0
2243.0652 0
3424.0272 1
2771.562 1
1814.9828 0
1468.2361 0
775.59527 1
505.42906 0
1067.6341 1
1187.3712 3
1320.4125 1
294.3557 0
2017.7587 1
294.3557 0
3080.6245 1
3805.5858 1
862.88364 0
1067.6341 0
1320.4125 0
1468.2361 3
1632.4846 0
2017.7587 0
3805.5858 1
3080.6245 1
1632.4846 0
1320.4125 0
697.03575 3
775.59527 3
862.88364 1
453.88615 0
407.49754 2
365.74778 2
1187.3712 1
1468.2361 1
2243.0652 1
3424.0272 1
4229.5397 1
3805.5858 1
1632.4846 3
1814.9828 0
4229.5397 1
3424.0272 1
1468.2361 0
1468.2361 1
959.87071 1
328.17301 0
1320.4125 1
1632.4846 3
1814.9828 3
2017.7587 3
2243.0652 3
2493.4058 3
2771.562 3
3080.6245 3
3424.0272 3
3805.5858 3
4229.5397 3
4700.5997 1
4229.5397 2
3805.5858 2
4229.5397 3
4700.5997 3
5223.9997 3
5805.5552 3
6451.728 3
7169.6978 1
1632.4846 0
4700.5997 1
4229.5397 2
3805.5858 2
1320.4125 0
1468.2361 3
1632.4846 1
1320.4125 1
1187.3712 2
1067.6341 1
959.87071 2
862.88364 2
294.3557 0
1468.2361 1
1468.2361 0
3424.0272 0
5223.9997 1
7967.442 1
5223.9997 1
3424.0272 0
1814.9828 1
1468.2361 1
1187.3712 1
775.59527 0
263.92013 0
1632.4846 1
1468.2361 2
1320.4125 0
1468.2361 3
1632.4846 3
1814.9828 3
2017.7587 3
2243.0652 3
2493.4058 3
2771.562 3
3080.6245 0
5805.5552 3
6451.728 3
7169.6978 3
7967.442 3
8853.8244 3
9838.6938 3
10932.993 1
9838.6938 2
8853.8244 2
7967.442 2
7169.6978 2
6451.728 2
5805.5552 2
3080.6245 0
2771.562 2
2493.4058 2
2243.0652 2
2017.7587 2
1814.9828 2
1632.4846 2
1468.2361 2
1320.4125 2
697.03575 0
236.52812 0
1814.9828 1
1468.2361 0
2771.562 0
5223.9997 0
6451.728 0
12148.881 1
5805.5552 0
2243.0652 0
1814.9828 0
189.68778 3
211.87531 0
2017.7587 1
1067.6341 3
1187.3712 3
1320.4125 0
1187.3712 2
1067.6341 2
959.87071 2
862.88364 2
2493.4058 0
4700.5997 0
5805.5552 0
5223.9997 2
4700.5997 2
13499.868 1
10932.993 1
9838.6938 2
8853.8244 2
10932.993 1
8853.8244 1
2017.7587 0
1632.4846 0
3080.6245 1
2771.562 2
2493.4058 2
2243.0652 2
2017.7587 2
189.68778 0
2243.0652 1
775.59527 0
2243.0652 0
5223.9997 0
4229.5397 0
15000.964 1
12148.881 1
12148.881 1
9838.6938 1
3424.0272 1
2493.4058 3
2771.562 3
3080.6245 1
3805.5858 1
3424.0272 2
3080.6245 2
697.03575 0
2017.7587 0
8853.8244 1
4700.5997 0
3805.5858 0
16668.849 1
13499.868 1
16668.849 1
13499.868 1
10932.993 1
9838.6938 2
8853.8244 1
3080.6245 3
3424.0272 3
3805.5858 3
4229.5397 3
4700.5997 1
4229.5397 2
3805.5858 2
3424.0272 2
3080.6245 2
2243.0652 0
3424.0272 1
4229.5397 1
9838.6938 1
18522.055 1
15000.964 1
18522.055 1
16668.849 2
15000.964 1
12148.881 1
9838.6938 1
5223.9997 1
2771.562 0
2493.4058 1
3805.5858 3
4229.5397 3
4700.5997 3
5223.9997 3
5805.5552 3
6451.728 3
7169.6978 3
7967.442 3
8853.8244 3
9838.6938 3
10932.993 1
12148.881 3
13499.868 1
12148.881 2
10932.993 2
20581.172 1
18522.055 2
16668.849 2
18522.055 3
20581.172 1
16668.849 1
15000.964 2
13499.868 2
10932.993 1
9838.6938 2
8853.8244 2
7169.6978 1
6451.728 2
5805.5552 2
5223.9997 2
4700.5997 2
2493.4058 0
2771.562 1
6451.728 0
12148.881 1
15000.964 1
22869.08 1
22869.08 1
18522.055 1
12148.881 1
7967.442 1
4229.5397 0
2243.0652 0
3080.6245 3
3424.0272 3
3805.5858 3
4229.5397 3
4700.5997 3
5223.9997 3
5805.5552 3
6451.728 3
7169.6978 3
7967.442 3
8853.8244 1
13499.868 3
15000.964 3
16668.849 1
15000.964 2
13499.868 2
25411.2 1
31374.198 1
28235.778 2
25411.2 2
22869.08 2
20581.172 1
18522.055 2
16668.849 1
15000.964 2
13499.868 2
12148.881 2
10932.993 2
9838.6938 2
8853.8244 2
4700.5997 1
3805.5858 0
2017.7587 0
2771.562 0
3424.0272 0
9838.6938 1
18522.055 1
28235.778 1
34861.331 1
22869.08 1
18522.055 1
9838.6938 0
5223.9997 1
2493.4058 0
2771.562 3
3080.6245 0
2771.562 2
2493.4058 2
7169.6978 3
7967.442 3
8853.8244 3
9838.6938 3
10932.993 3
12148.881 3
13499.868 1
20581.172 3
22869.08 3
25411.2 3
28235.778 3
31374.198 3
34861.331 3
38735.923 1
34861.331 2
31374.198 1
25411.2 1
22869.08 2
20581.172 2
18522.055 2
16668.849 2
8853.8244 0
7967.442 2
7169.6978 2
6451.728 2
5805.5552 2
3080.6245 1
2771.562 2
2493.4058 2
2771.562 0
7967.442 0
15000.964 3
16668.849 3
18522.055 0
43041.026 1
34861.331 1
28235.778 1
18522.055 0
5223.9997 0
3424.0272 1
2017.7587 3
2243.0652 3
2493.4058 0
4700.5997 3
5223.9997 3
5805.5552 3
6451.728 3
7169.6978 0
7169.6978 1
13499.868 0
16668.849 0
15000.964 2
13499.868 2
12148.881 2
10932.993 2
47824.473 1
38735.923 1
31374.198 1
16668.849 0
15000.964 2
13499.868 2
12148.881 2
10932.993 2
9838.6938 2
8853.8244 2
4700.5997 0
4229.5397 2
3805.5858 2
3424.0272 2
3080.6245 2
1814.9828 0
2771.562 1
4229.5397 0
5223.9997 0
7967.442 1
12148.881 0
15000.964 0
10932.993 0
53139.414 1
47824.473 2
43041.026 2
34861.331 1
15000.964 0
12148.881 0
7967.442 0
4229.5397 0
1632.4846 0
3080.6245 3
3424.0272 3
3805.5858 0
4700.5997 0
7169.6978 3
7967.442 3
8853.8244 3
9838.6938 3
10932.993 0
13499.868 0
12148.881 2
10932.993 2
72897.29 1
59044.905 1
38735.923 0
34861.331 2
38735.923 1
13499.868 0
10932.993 0
9838.6938 2
8853.8244 2
7967.442 2
7169.6978 0
3805.5858 0
3424.0272 2
3080.6245 2
2771.562 2
2493.4058 2
1468.2361 0
2771.562 0
6451.728 0
12148.881 0
9838.6938 0
80998.1 1
65606.561 1
43041.026 1
9838.6938 0
7967.442 0
3080.6245 3
3424.0272 0
2771.562 0
1320.4125 0
2493.4058 0
1632.4846 1
1468.2361 2
1320.4125 2
5805.5552 0
7169.6978 3
7967.442 3
8853.8244 3
9838.6938 3
10932.993 0
8853.8244 0
89999.0 1
80998.1 2
72897.29 2
65606.561 2
59044.905 2
53139.414 2
47824.473 2
43041.026 2
38735.923 2
8853.8244 0
7169.6978 0
6451.728 2
5805.5552 2
3080.6245 0
2493.4058 0
2243.0652 2
2017.7587 2
2243.0652 0
1814.9828 1
3080.6245 1
7967.442 0
9838.6938 0
100000.0 1
65606.561 0
34861.331 0
5805.5552 3
6451.728 0
5223.9997 0
2243.0652 0
1814.9828 0
1632.4846 3
1814.9828 3
2017.7587 0
1814.9828 2
2017.7587 3
2243.0652 3
2493.4058 1
2771.562 3
3080.6245 3
3424.0272 1
3080.6245 2
7169.6978 0
8853.8244 0
89999.0 3
100000.0 3
0.0 0
59044.905 0
53139.414 2
47824.473 2
43041.026 2
38735.923 2
31374.198 0
28235.778 2
25411.2 2
5805.5552 0
4700.5997 0
4229.5397 2
3805.5858 2
2017.7587 0
1632.4846 0
1814.9828 0
2771.562 1
3805.5858 1
6451.728 0
7967.442 0
100000.0 0
65606.561 1
28235.778 0
22869.08 0
5223.9997 0
4229.5397 0
1632.4846 3
1814.9828 3
2017.7587 3
2243.0652 3
2493.4058 3
2771.562 3
3080.6245 3
3424.0272 3
3805.5858 3
4229.5397 3
4700.5997 3
5223.9997 3
5805.5552 0
6451.728 3
7169.6978 0
6451.728 2
5805.5552 2
89999.0 0
80998.1 2
72897.29 2
65606.561 2
59044.905 2
20581.172 3
22869.08 3
25411.2 0
20581.172 0
4700.5997 0
3805.5858 0
3424.0272 2
3080.6245 2
1632.4846 1
1468.2361 2
1320.4125 2
1468.2361 0
2243.0652 0
2771.562 0
4229.5397 0
5223.9997 0
18522.055 0
22869.08 0
18522.055 0
3424.0272 0
2771.562 0
1814.9828 1
1320.4125 0
1187.3712 2
1067.6341 2
2017.7587 0
2493.4058 0
2243.0652 2
2017.7587 2
3805.5858 0
3424.0272 2
3080.6245 2
2771.562 2
2493.4058 2
4700.5997 0
4229.5397 2
3805.5858 2
3424.0272 2
3080.6245 2
13499.868 3
15000.964 3
16668.849 0
20581.172 0
16668.849 0
15000.964 2
13499.868 2
3080.6245 0
2771.562 2
2493.4058 0
2243.0652 2
2017.7587 2
1814.9828 2
1632.4846 2
0.0 0
