-7.0484383 3
-6.720487 3
-6.3560967 3
-5.9512186 3
-5.501354 3
-5.0015044 3
-4.446116 1
-5.0015044 2
-4.446116 3
-3.8290178 3
-3.1433531 1
-3.8290178 2
-3.1433531 1
-3.8290178 2
-4.446116 2
-5.0015044 2
-5.501354 2
-5.9512186 2
-6.3560967 2
-5.9512186 3
-5.501354 1
-4.446116 3
-3.8290178 1
-3.1433531 3
-2.3815034 3
-1.5350038 1
-2.3815034 2
-3.1433531 2
2.9019909 3
4.3355454 3
5.9283838 1
7.6982042 3
9.6646713 3
11.849635 3
14.277372 1
11.849635 2
9.6646713 2
14.277372 1
9.6646713 1
14.277372 3
16.974858 3
19.972064 1
14.277372 1
9.6646713 1
5.9283838 1
-1.5350038 1
-3.1433531 1
-2.3815034 3
-1.5350038 1
-6.3560967 0
-3.8290178 1
-2.3815034 1
-2.3815034 1
-5.0015044 1
-3.1433531 1
-0.59444867 1
7.6982042 1
16.974858 1
16.974858 1
11.849635 1
23.302294 1
16.974858 1
11.849635 1
7.6982042 1
-0.59444867 1
-2.3815034 1
-0.59444867 1
-6.3560967 1
-7.0484383 1
-4.446116 1
-3.1433531 1
-3.1433531 3
-2.3815034 3
-1.5350038 3
-0.59444867 1
-1.5350038 2
5.9283838 1
9.6646713 3
11.849635 3
14.277372 1
-4.446116 3
-3.8290178 3
-3.1433531 3
-2.3815034 3
-1.5350038 3
-0.59444867 3
0.45061259 1
1.6117918 3
2.9019909 3
4.3355454 3
5.9283838 3
7.6982042 3
9.6646713 3
11.849635 3
14.277372 3
16.974858 3
19.972064 1
14.277372 3
16.974858 3
19.972064 1
14.277372 3
16.974858 3
19.972064 3
23.302294 3
27.002548 1
23.302294 2
19.972064 2
16.974858 2
14.277372 2
11.849635 2
9.6646713 2
0.45061259 1
-0.59444867 2
-1.5350038 2
0.45061259 1
-5.9512186 1
-6.720487 1
-3.8290178 1
-2.3815034 1
0.45061259 1
7.6982042 1
7.6982042 0
16.974858 1
-2.3815034 0
1.6117918 1
4.3355454 0
23.302294 1
23.302294 1
31.113943 1
7.6982042 0
1.6117918 1
1.6117918 1
-5.501354 1
-5.9512186 2
-6.3560967 2
-3.1433531 3
-2.3815034 3
-1.5350038 1
0.45061259 1
2.9019909 1
1.6117918 2
0.45061259 2
9.6646713 1
5.9283838 0
19.972064 1
-5.501354 3
-5.0015044 3
-4.446116 3
-3.8290178 3
-3.1433531 0
2.9019909 1
1.6117918 2
0.45061259 2
1.6117918 3
2.9019909 0
1.6117918 2
0.45061259 2
19.972064 3
23.302294 3
27.002548 3
31.113943 3
35.682159 1
31.113943 2
27.002548 2
23.302294 2
19.972064 2
27.002548 3
31.113943 3
35.682159 1
27.002548 1
19.972064 1
5.9283838 0
4.3355454 2
2.9019909 1
5.9283838 1
2.9019909 1
-5.0015044 1
-0.59444867 1
1.6117918 1
4.3355454 1
11.849635 1
23.302294 1
4.3355454 1
-0.59444867 0
1.6117918 0
23.302294 0
40.757954 1
40.757954 1
31.113943 1
23.302294 1
4.3355454 0
4.3355454 1
7.6982042 1
4.3355454 1
-4.446116 1
-5.0015044 2
-5.501354 1
-1.5350038 3
-0.59444867 3
0.45061259 1
2.9019909 3
4.3355454 3
5.9283838 3
7.6982042 1
9.6646713 3
11.849635 3
14.277372 3
16.974858 3
19.972064 3
23.302294 3
27.002548 1
19.972064 1
14.277372 1
11.849635 2
9.6646713 2
7.6982042 2
5.9283838 2
-1.5350038 0
0.45061259 0
-0.59444867 2
-1.5350038 2
46.397727 1
19.972064 0
46.397727 1
59.626823 3
67.363137 3
75.959041 1
35.682159 3
40.757954 3
46.397727 1
35.682159 1
31.113943 2
27.002548 2
2.9019909 0
5.9283838 3
7.6982042 3
9.6646713 1
7.6982042 2
5.9283838 2
-3.8290178 1
-5.0015044 1
-2.3815034 0
1.6117918 1
9.6646713 1
31.113943 1
23.302294 1
16.974858 1
-2.3815034 0
-0.59444867 0
52.664141 1
52.664141 1
85.510045 1
52.664141 1
40.757954 1
19.972064 1
11.849635 1
-3.1433531 1
-4.446116 1
-3.8290178 3
-3.1433531 0
2.9019909 1
5.9283838 1
9.6646713 3
11.849635 3
14.277372 1
16.974858 3
19.972064 3
23.302294 3
27.002548 1
35.682159 1
31.113943 2
27.002548 2
23.302294 2
19.972064 2
16.974858 2
14.277372 1
19.972064 1
-3.1433531 0
-2.3815034 3
-1.5350038 0
46.397727 1
52.664141 3
59.626823 3
67.363137 3
75.959041 1
67.363137 2
59.626823 1
75.959041 3
85.510045 3
96.122272 1
85.510045 2
75.959041 2
67.363137 2
59.626823 1
52.664141 2
46.397727 2
40.757954 1
35.682159 2
31.113943 2
27.002548 1
23.302294 2
19.972064 2
16.974858 2
14.277372 2
11.849635 2
9.6646713 1
-2.3815034 1
-3.8290178 1
4.3355454 1
7.6982042 1
5.9283838 2
7.6982042 0
16.974858 1
31.113943 1
40.757954 1
16.974858 1
23.302294 1
-2.3815034 0
52.664141 1
85.510045 1
67.363137 1
107.91364 1
67.363137 1
46.397727 1
31.113943 1
11.849635 1
-1.5350038 1
-2.3815034 2
-3.1433531 2
2.9019909 1
5.9283838 1
9.6646713 1
5.9283838 0
19.972064 1
23.302294 3
27.002548 1
35.682159 1
46.397727 1
2.9019909 1
1.6117918 2
0.45061259 2
19.972064 3
23.302294 3
27.002548 1
23.302294 2
19.972064 2
-3.1433531 0
59.626823 1
52.664141 2
46.397727 2
96.122272 1
75.959041 3
85.510045 3
96.122272 1
107.91364 3
121.01515 1
96.122272 1
85.510045 2
75.959041 2
59.626823 1
52.664141 2
46.397727 2
40.757954 2
35.682159 2
27.002548 1
23.302294 2
19.972064 2
14.277372 1
-0.59444867 1
4.3355454 1
7.6982042 1
11.849635 1
23.302294 1
31.113943 1
40.757954 1
52.664141 1
4.3355454 1
31.113943 1
-3.8290178 0
67.363137 1
107.91364 1
107.91364 1
135.57239 1
107.91364 1
67.363137 1
31.113943 1
16.974858 0
16.974858 1
0.45061259 1
2.9019909 3
4.3355454 3
5.9283838 1
9.6646713 1
14.277372 1
19.972064 3
23.302294 3
27.002548 1
31.113943 3
35.682159 1
46.397727 1
52.664141 3
59.626823 1
5.9283838 3
7.6982042 3
9.6646713 1
27.002548 1
35.682159 3
40.757954 3
46.397727 1
-4.446116 0
75.959041 3
85.510045 3
96.122272 3
107.91364 3
121.01515 1
96.122272 3
107.91364 3
121.01515 1
151.7471 1
121.01515 1
59.626823 3
67.363137 3
75.959041 1
59.626823 1
27.002548 3
31.113943 3
35.682159 1
14.277372 0
19.972064 1
1.6117918 1
7.6982042 1
11.849635 1
16.974858 1
31.113943 1
40.757954 1
52.664141 1
67.363137 1
11.849635 1
31.113943 1
52.664141 1
135.57239 1
135.57239 1
169.719 1
135.57239 1
85.510045 1
67.363137 1
40.757954 1
23.302294 1
2.9019909 1
1.6117918 2
0.45061259 2
9.6646713 1
14.277372 1
19.972064 1
27.002548 3
31.113943 3
35.682159 3
40.757954 3
46.397727 1
59.626823 1
75.959041 1
9.6646713 1
14.277372 1
35.682159 3
40.757954 3
46.397727 3
52.664141 3
59.626823 1
75.959041 1
96.122272 3
107.91364 3
121.01515 1
151.7471 1
169.719 3
189.68778 1
169.719 2
151.7471 2
169.719 3
189.68778 1
169.719 2
151.7471 1
121.01515 1
107.91364 2
96.122272 2
85.510045 2
75.959041 2
67.363137 2
59.626823 2
52.664141 2
46.397727 2
40.757954 2
35.682159 2
31.113943 2
27.002548 2
4.3355454 1
11.849635 1
16.974858 1
23.302294 1
52.664141 1
67.363137 1
85.510045 1
11.849635 1
16.974858 1
31.113943 0
67.363137 1
85.510045 1
135.57239 1
169.719 1
211.87531 1
211.87531 1
169.719 1
135.57239 1
67.363137 0
23.302294 0
5.9283838 3
7.6982042 3
9.6646713 3
11.849635 3
14.277372 3
16.974858 3
19.972064 3
23.302294 3
27.002548 3
31.113943 3
35.682159 3
40.757954 3
46.397727 3
52.664141 3
59.626823 3
67.363137 3
75.959041 3
85.510045 3
96.122272 1
14.277372 3
16.974858 3
19.972064 3
23.302294 3
27.002548 0
35.682159 1
75.959041 3
85.510045 3
96.122272 3
107.91364 3
121.01515 3
135.57239 3
151.7471 3
169.719 3
189.68778 1
211.87531 3
236.52812 3
263.92013 3
294.3557 1
263.92013 2
236.52812 1
189.68778 1
151.7471 1
135.57239 2
121.01515 2
59.626823 0
75.959041 1
67.363137 2
59.626823 2
52.664141 2
46.397727 2
19.972064 0
4.3355454 0
7.6982042 0
31.113943 0
40.757954 0
52.664141 0
107.91364 1
40.757954 1
67.363137 0
85.510045 0
107.91364 0
135.57239 0
211.87531 1
328.17301 1
263.92013 1
211.87531 1
169.719 1
85.510045 1
16.974858 0
2.9019909 0
5.9283838 0
7.6982042 3
9.6646713 3
11.849635 3
14.277372 3
16.974858 3
19.972064 3
23.302294 3
27.002548 0
35.682159 0
46.397727 0
96.122272 1
121.01515 1
107.91364 2
96.122272 2
189.68778 3
211.87531 3
236.52812 1
46.397727 3
52.664141 3
59.626823 0
67.363137 3
75.959041 0
96.122272 0
107.91364 3
121.01515 0
236.52812 1
294.3557 3
328.17301 3
365.74778 1
328.17301 2
294.3557 2
263.92013 2
236.52812 1
211.87531 2
189.68778 2
169.719 2
151.7471 2
135.57239 2
121.01515 2
107.91364 2
96.122272 2
85.510045 2
75.959041 2
35.682159 1
14.277372 0
1.6117918 0
4.3355454 0
11.849635 0
23.302294 0
107.91364 1
135.57239 1
263.92013 1
52.664141 0
263.92013 1
407.49754 1
263.92013 1
169.719 0
135.57239 0
67.363137 0
40.757954 1
0.45061259 0
2.9019909 0
27.002548 1
9.6646713 0
5.9283838 1
19.972064 0
16.974858 2
14.277372 2
59.626823 1
121.01515 3
135.57239 3
151.7471 3
169.719 3
189.68778 3
211.87531 3
236.52812 3
263.92013 3
294.3557 1
263.92013 2
236.52812 2
46.397727 0
151.7471 3
169.719 3
189.68778 1
211.87531 3
236.52812 3
263.92013 3
294.3557 3
328.17301 3
365.74778 3
407.49754 3
453.88615 1
407.49754 2
365.74778 1
328.17301 2
294.3557 2
151.7471 0
121.01515 0
107.91364 2
96.122272 2
85.510045 2
75.959041 2
59.626823 0
52.664141 2
46.397727 2
40.757954 2
35.682159 2
31.113943 1
5.9283838 3
7.6982042 1
16.974858 0
67.363137 1
107.91364 0
169.719 0
328.17301 1
365.74778 1
211.87531 1
263.92013 0
505.42906 1
407.49754 1
263.92013 0
85.510045 0
67.363137 1
19.972064 1
27.002548 1
35.682159 3
40.757954 3
46.397727 1
9.6646713 3
11.849635 3
14.277372 0
59.626823 3
67.363137 3
75.959041 3
85.510045 3
96.122272 0
189.68778 1
169.719 2
151.7471 0
294.3557 3
328.17301 3
365.74778 3
407.49754 3
453.88615 1
407.49754 2
365.74778 2
328.17301 2
294.3557 2
263.92013 2
236.52812 2
211.87531 2
189.68778 2
236.52812 0
453.88615 3
505.42906 3
562.69895 1
505.42906 2
453.88615 2
236.52812 0
211.87531 2
189.68778 2
96.122272 1
75.959041 0
59.626823 3
67.363137 3
75.959041 1
96.122272 1
75.959041 1
23.302294 1
31.113943 1
52.664141 1
85.510045 0
211.87531 1
505.42906 1
263.92013 0
211.87531 0
211.87531 0
626.33217 1
211.87531 0
169.719 0
107.91364 1
67.363137 0
52.664141 0
85.510045 1
107.91364 1
85.510045 1
27.002548 3
31.113943 3
35.682159 1
46.397727 1
52.664141 3
59.626823 1
75.959041 1
96.122272 1
85.510045 2
75.959041 2
67.363137 2
59.626823 2
67.363137 3
75.959041 0
236.52812 3
263.92013 3
294.3557 3
328.17301 3
365.74778 3
407.49754 3
453.88615 3
505.42906 3
562.69895 1
505.42906 2
453.88615 2
236.52812 0
189.68778 0
169.719 2
151.7471 2
169.719 3
189.68778 0
562.69895 3
626.33217 3
697.03575 1
151.7471 3
169.719 3
189.68778 0
169.719 2
151.7471 0
135.57239 2
121.01515 2
59.626823 0
46.397727 0
96.122272 3
107.91364 3
121.01515 1
107.91364 2
96.122272 2
40.757954 1
52.664141 1
67.363137 1
85.510045 1
96.122272 3
107.91364 1
67.363137 0
236.52812 0
328.17301 0
626.33217 1
407.49754 0
211.87531 0
135.57239 0
775.59527 1
135.57239 0
107.91364 0
135.57239 1
19.972064 1
46.397727 3
52.664141 3
59.626823 3
67.363137 3
75.959041 1
85.510045 3
96.122272 1
121.01515 1
59.626823 3
67.363137 3
75.959041 1
67.363137 2
59.626823 0
189.68778 3
211.87531 0
236.52812 3
263.92013 3
294.3557 0
562.69895 1
697.03575 1
365.74778 0
189.68778 0
169.719 2
151.7471 2
121.01515 0
562.69895 3
626.33217 3
697.03575 3
775.59527 3
862.88364 1
697.03575 1
562.69895 1
121.01515 0
107.91364 2
96.122272 0
85.510045 2
75.959041 2
67.363137 2
59.626823 2
189.68778 1
151.7471 3
169.719 3
189.68778 1
23.302294 1
40.757954 0
85.510045 1
107.91364 1
135.57239 1
85.510045 1
211.87531 0
263.92013 0
626.33217 1
775.59527 1
328.17301 0
211.87531 1
626.33217 0
959.87071 1
775.59527 1
626.33217 1
107.91364 0
85.510045 0
67.363137 0
211.87531 1
211.87531 1
27.002548 3
31.113943 3
35.682159 0
75.959041 3
85.510045 3
96.122272 3
107.91364 3
121.01515 1
135.57239 3
151.7471 1
121.01515 1
96.122272 3
107.91364 3
121.01515 3
135.57239 3
151.7471 3
169.719 3
189.68778 0
236.52812 0
697.03575 1
775.59527 3
862.88364 1
294.3557 0
263.92013 2
236.52812 2
211.87531 2
189.68778 2
169.719 2
151.7471 2
453.88615 3
505.42906 3
562.69895 0
1067.6341 1
959.87071 2
862.88364 2
775.59527 2
697.03575 2
96.122272 0
75.959041 0
67.363137 2
59.626823 0
189.68778 3
211.87531 3
236.52812 3
263.92013 3
294.3557 1
263.92013 2
236.52812 1
135.57239 1
169.719 1
135.57239 1
85.510045 0
135.57239 0
775.59527 1
959.87071 1
211.87531 0
407.49754 0
1187.3712 1
775.59527 0
85.510045 0
67.363137 0
52.664141 0
211.87531 0
328.17301 1
263.92013 1
35.682159 1
75.959041 3
85.510045 3
96.122272 3
107.91364 3
121.01515 3
135.57239 3
151.7471 3
169.719 3
189.68778 1
169.719 2
151.7471 2
75.959041 0
96.122272 3
107.91364 3
121.01515 0
562.69895 3
626.33217 3
697.03575 1
862.88364 3
959.87071 3
1067.6341 1
959.87071 2
862.88364 2
189.68778 0
562.69895 1
453.88615 1
407.49754 2
365.74778 0
1067.6341 3
1187.3712 3
1320.4125 1
697.03575 0
626.33217 2
562.69895 2
75.959041 0
59.626823 0
46.397727 0
40.757954 2
35.682159 2
189.68778 0
365.74778 1
294.3557 1
40.757954 1
107.91364 0
135.57239 0
211.87531 1
135.57239 0
121.01515 2
85.510045 0
775.59527 1
1187.3712 1
151.7471 3
169.719 0
626.33217 1
505.42906 1
1468.2361 1
31.113943 0
169.719 0
407.49754 1
328.17301 1
46.397727 3
52.664141 3
59.626823 3
67.363137 3
75.959041 3
85.510045 3
96.122272 0
121.01515 0
236.52812 1
121.01515 0
35.682159 1
75.959041 0
862.88364 1
1067.6341 1
959.87071 2
862.88364 2
959.87071 3
1067.6341 3
1187.3712 3
1320.4125 1
1187.3712 2
1067.6341 1
151.7471 0
697.03575 1
626.33217 2
562.69895 1
1067.6341 3
1187.3712 3
1320.4125 3
1468.2361 3
1632.4846 3
1814.9828 3
2017.7587 1
1814.9828 2
1632.4846 2
1320.4125 3
1468.2361 3
1632.4846 1
1320.4125 1
27.002548 0
151.7471 0
453.88615 1
407.49754 2
365.74778 2
40.757954 0
52.664141 0
67.363137 0
85.510045 0
75.959041 2
263.92013 1
40.757954 1
67.363137 0
959.87071 1
1187.3712 1
959.87071 0
1468.2361 1
1187.3712 1
775.59527 1
626.33217 1
1187.3712 0
1468.2361 0
2243.0652 1
1814.9828 1
1468.2361 1
505.42906 1
35.682159 0
46.397727 0
52.664141 3
59.626823 0
75.959041 0
365.74778 1
294.3557 1
263.92013 2
236.52812 1
46.397727 3
52.664141 3
59.626823 0
1067.6341 3
1187.3712 3
1320.4125 1
1187.3712 2
1067.6341 2
862.88364 0
1632.4846 1
1468.2361 2
1320.4125 2
1067.6341 1
959.87071 2
862.88364 2
775.59527 2
697.03575 2
626.33217 2
562.69895 2
1067.6341 0
1320.4125 0
2493.4058 3
2771.562 3
3080.6245 1
2771.562 2
2493.4058 2
2243.0652 2
2017.7587 1
1814.9828 2
1632.4846 2
1468.2361 2
1320.4125 2
1187.3712 2
1067.6341 2
562.69895 3
626.33217 3
697.03575 1
31.113943 0
40.757954 0
407.49754 1
328.17301 1
263.92013 1
40.757954 0
959.87071 0
1468.2361 1
775.59527 0
1814.9828 1
1187.3712 1
626.33217 0
505.42906 0
959.87071 0
3424.0272 1
2243.0652 1
1468.2361 0
775.59527 1
27.002548 0
35.682159 0
31.113943 2
27.002548 2
365.74778 1
453.88615 1
407.49754 2
365.74778 2
328.17301 2
294.3557 2
35.682159 0
1067.6341 1
959.87071 2
862.88364 0
1632.4846 1
2017.7587 1
697.03575 0
2017.7587 1
1814.9828 2
1632.4846 2
1468.2361 2
1320.4125 2
1187.3712 2
1067.6341 2
562.69895 0
505.42906 2
453.88615 0
862.88364 0
2493.4058 3
2771.562 3
3080.6245 3
3424.0272 3
3805.5858 1
3424.0272 2
3080.6245 2
2771.562 2
2493.4058 1
1320.4125 0
1468.2361 3
1632.4846 1
1468.2361 2
1320.4125 1
1187.3712 2
1067.6341 2
959.87071 2
862.88364 2
23.302294 0
407.49754 1
505.42906 1
1187.3712 1
1814.9828 1
2243.0652 1
2243.0652 1
1187.3712 0
505.42906 0
2243.0652 0
2771.562 0
4229.5397 1
2771.562 1
1814.9828 1
1468.2361 1
959.87071 0
19.972064 0
294.3557 3
328.17301 3
365.74778 3
407.49754 3
453.88615 3
505.42906 3
562.69895 3
626.33217 3
697.03575 3
775.59527 3
862.88364 1
697.03575 1
1320.4125 3
1468.2361 3
1632.4846 3
1814.9828 3
2017.7587 3
2243.0652 3
2493.4058 1
2243.0652 2
2017.7587 2
2493.4058 1
862.88364 3
959.87071 3
1067.6341 0
365.74778 3
407.49754 3
453.88615 0
1320.4125 3
1468.2361 3
1632.4846 3
1814.9828 3
2017.7587 0
2493.4058 0
4700.5997 1
4229.5397 2
3805.5858 1
3424.0272 2
3080.6245 2
2771.562 2
2493.4058 2
2243.0652 2
2017.7587 2
1814.9828 2
1632.4846 2
862.88364 0
453.88615 1
263.92013 0
328.17301 0
407.49754 0
959.87071 1
775.59527 1
2771.562 1
2493.4058 3
2771.562 1
775.59527 0
959.87071 0
328.17301 0
407.49754 0
1187.3712 0
1814.9828 0
5223.9997 1
4229.5397 1
1814.9828 0
697.03575 3
775.59527 0
505.42906 1
189.68778 1
236.52812 0
263.92013 3
294.3557 0
365.74778 0
328.17301 2
294.3557 2
263.92013 2
236.52812 2
1067.6341 1
959.87071 2
862.88364 2
1632.4846 1
2017.7587 3
2243.0652 3
2493.4058 1
2771.562 3
3080.6245 1
2771.562 2
2493.4058 2
3080.6245 1
697.03575 0
862.88364 0
294.3557 0
328.17301 3
365.74778 0
1067.6341 0
1320.4125 3
1468.2361 3
1632.4846 0
7169.6978 1
6451.728 2
5805.5552 2
4700.5997 1
4229.5397 2
3805.5858 2
3424.0272 2
3080.6245 1
1632.4846 0
1468.2361 2
1320.4125 1
697.03575 0
626.33217 2
562.69895 2
211.87531 1
1187.3712 1
1814.9828 1
2771.562 1
3424.0272 1
3424.0272 1
697.03575 3
775.59527 0
263.92013 0
328.17301 0
959.87071 0
1187.3712 0
7967.442 1
5223.9997 1
3424.0272 1
1468.2361 1
626.33217 0
505.42906 0
236.52812 1
263.92013 3
294.3557 1
328.17301 3
365.74778 1
407.49754 3
453.88615 3
505.42906 3
562.69895 1
1067.6341 3
1187.3712 3
1320.4125 3
1468.2361 3
1632.4846 3
1814.9828 3
2017.7587 3
2243.0652 3
2493.4058 3
2771.562 3
3080.6245 3
3424.0272 3
3805.5858 3
4229.5397 3
4700.5997 1
4229.5397 2
3805.5858 2
2017.7587 1
697.03575 0
236.52812 0
263.92013 3
294.3557 0
862.88364 0
1067.6341 0
7169.6978 3
7967.442 3
8853.8244 1
7169.6978 1
6451.728 2
5805.5552 2
5223.9997 2
4700.5997 2
4229.5397 2
3805.5858 2
3424.0272 2
3080.6245 2
1632.4846 1
562.69895 0
453.88615 0
263.92013 1
328.17301 1
407.49754 1
626.33217 1
1320.4125 0
1814.9828 0
2243.0652 0
3080.6245 0
5223.9997 1
3424.0272 0
2243.0652 1
211.87531 0
959.87071 0
9838.6938 1
7967.442 1
5223.9997 0
2771.562 0
1814.9828 1
294.3557 3
328.17301 3
365.74778 3
407.49754 3
453.88615 3
505.42906 3
562.69895 3
626.33217 3
697.03575 3
775.59527 3
862.88364 3
959.87071 3
1067.6341 3
1187.3712 0
1067.6341 2
1632.4846 0
1814.9828 3
2017.7587 0
1814.9828 2
1632.4846 2
7169.6978 1
6451.728 2
5805.5552 2
3080.6245 0
2771.562 2
2493.4058 2
2243.0652 2
2017.7587 2
189.68778 0
169.719 2
151.7471 2
697.03575 3
775.59527 3
862.88364 0
8853.8244 3
9838.6938 3
10932.993 1
9838.6938 2
8853.8244 2
4700.5997 0
5805.5552 1
2017.7587 3
2243.0652 3
2493.4058 0
2243.0652 2
2017.7587 2
1814.9828 2
1632.4846 2
1468.2361 2
1320.4125 2
263.92013 0
328.17301 0
626.33217 0
959.87071 0
1468.2361 0
7967.442 1
2243.0652 0
135.57239 0
626.33217 0
12148.881 1
6451.728 1
1814.9828 0
1468.2361 0
236.52812 0
263.92013 3
294.3557 0
365.74778 3
407.49754 3
453.88615 3
505.42906 3
562.69895 0
505.42906 2
453.88615 2
862.88364 3
959.87071 3
1067.6341 3
1187.3712 3
1320.4125 0
1187.3712 2
1067.6341 2
7169.6978 3
7967.442 3
8853.8244 1
10932.993 1
9838.6938 2
8853.8244 1
2017.7587 0
1814.9828 2
1632.4846 2
96.122272 3
107.91364 3
121.01515 0
562.69895 0
8853.8244 1
9838.6938 3
10932.993 3
12148.881 3
13499.868 1
12148.881 2
10932.993 2
9838.6938 2
8853.8244 2
7967.442 2
7169.6978 2
6451.728 2
5805.5552 2
5223.9997 2
4700.5997 2
1632.4846 0
1320.4125 0
1187.3712 2
1067.6341 2
263.92013 0
328.17301 0
505.42906 0
775.59527 0
959.87071 0
9838.6938 1
12148.881 1
9838.6938 1
96.122272 0
9838.6938 1
15000.964 1
9838.6938 0
4229.5397 0
3805.5858 2
1187.3712 0
959.87071 0
189.68778 3
211.87531 3
236.52812 0
294.3557 0
263.92013 2
236.52812 2
453.88615 0
505.42906 3
562.69895 3
626.33217 3
697.03575 0
862.88364 0
3805.5858 3
4229.5397 3
4700.5997 1
8853.8244 3
9838.6938 3
10932.993 3
12148.881 3
13499.868 1
12148.881 2
10932.993 2
20581.172 1
18522.055 2
16668.849 2
13499.868 1
10932.993 1
8853.8244 3
9838.6938 3
10932.993 3
12148.881 3
13499.868 3
15000.964 3
16668.849 1
8853.8244 0
7967.442 2
7169.6978 1
6451.728 2
5805.5552 1
5223.9997 2
4700.5997 2
3805.5858 0
862.88364 3
959.87071 3
1067.6341 0
959.87071 2
862.88364 0
211.87531 0
263.92013 0
407.49754 0
505.42906 0
626.33217 0
3424.0272 0
5223.9997 1
7967.442 0
9838.6938 0
15000.964 1
22869.08 1
15000.964 1
12148.881 1
18522.055 1
7967.442 1
6451.728 1
3424.0272 0
151.7471 3
169.719 3
189.68778 0
236.52812 0
263.92013 3
294.3557 3
328.17301 3
365.74778 0
453.88615 0
562.69895 0
505.42906 2
453.88615 2
3080.6245 0
5805.5552 3
6451.728 3
7169.6978 0
8853.8244 0
16668.849 3
18522.055 3
20581.172 3
22869.08 3
25411.2 1
22869.08 2
20581.172 2
18522.055 2
16668.849 2
15000.964 2
13499.868 2
25411.2 1
31374.198 1
28235.778 2
25411.2 2
22869.08 2
20581.172 2
18522.055 2
16668.849 2
8853.8244 1
7967.442 2
7169.6978 1
6451.728 2
5805.5552 2
3080.6245 0
2771.562 2
2493.4058 2
2243.0652 2
2017.7587 2
1814.9828 2
1632.4846 2
135.57239 0
169.719 0
211.87531 0
505.42906 1
505.42906 0
407.49754 0
2771.562 0
5223.9997 0
7967.442 0
15000.964 0
18522.055 0
28235.778 1
15000.964 0
12148.881 0
28235.778 1
34861.331 1
9838.6938 1
7967.442 1
5223.9997 0
1814.9828 0
1468.2361 0
121.01515 0
151.7471 0
169.719 3
189.68778 0
169.719 2
151.7471 2
453.88615 3
505.42906 3
562.69895 1
453.88615 0
365.74778 0
2493.4058 0
4700.5997 0
5223.9997 3
5805.5552 3
6451.728 3
7169.6978 0
13499.868 0
16668.849 0
31374.198 1
28235.778 2
25411.2 2
13499.868 0
10932.993 0
31374.198 3
34861.331 3
38735.923 3
43041.026 3
47824.473 1
43041.026 2
38735.923 2
8853.8244 3
9838.6938 3
10932.993 1
9838.6938 2
8853.8244 2
4700.5997 0
4229.5397 2
3805.5858 2
2017.7587 1
1632.4846 0
1320.4125 0
107.91364 0
135.57239 0
169.719 0
626.33217 1
407.49754 1
6451.728 0
34861.331 1
28235.778 0
53139.414 1
7967.442 0
12148.881 1
3424.0272 0
2243.0652 1
1468.2361 0
96.122272 0
121.01515 0
151.7471 0
453.88615 1
562.69895 1
697.03575 1
626.33217 2
562.69895 2
505.42906 2
453.88615 2
3080.6245 3
3424.0272 3
3805.5858 3
4229.5397 3
4700.5997 3
5223.9997 3
5805.5552 0
25411.2 3
28235.778 3
31374.198 3
34861.331 3
38735.923 3
43041.026 3
47824.473 3
53139.414 3
59044.905 3
65606.561 3
72897.29 1
25411.2 0
72897.29 1
65606.561 2
59044.905 2
53139.414 2
47824.473 2
7169.6978 0
13499.868 1
12148.881 2
10932.993 2
5805.5552 1
3080.6245 0
2771.562 2
2493.4058 1
1320.4125 0
1187.3712 2
1067.6341 2
107.91364 0
135.57239 0
505.42906 1
626.33217 1
775.59527 1
3424.0272 0
4229.5397 0
5223.9997 0
28235.778 0
34861.331 0
53139.414 0
80998.1 1
80998.1 1
53139.414 0
15000.964 1
9838.6938 0
6451.728 1
2771.562 1
959.87071 0
75.959041 3
85.510045 3
96.122272 0
121.01515 0
562.69895 3
626.33217 3
697.03575 3
775.59527 3
862.88364 1
1067.6341 1
1320.4125 3
1468.2361 3
1632.4846 1
3080.6245 0
3805.5858 0
4700.5997 0
20581.172 3
22869.08 3
25411.2 0
28235.778 3
31374.198 0
38735.923 1
47824.473 0
89999.0 3
100000.0 3
0.0 0
100000.0 2
89999.0 2
47824.473 0
25411.2 1
22869.08 2
20581.172 2
18522.055 2
16668.849 2
8853.8244 0
7967.442 2
7169.6978 2
3805.5858 1
3080.6245 1
697.03575 3
775.59527 3
862.88364 0
67.363137 0
85.510045 0
107.91364 0
505.42906 0
959.87071 1
1187.3712 1
1814.9828 1
2771.562 0
3424.0272 0
4229.5397 0
28235.778 0
43041.026 1
100000.0 0
80998.1 0
43041.026 0
28235.778 1
18522.055 0
15000.964 0
7967.442 0
6451.728 0
4229.5397 1
3424.0272 1
59.626823 0
75.959041 0
96.122272 0
453.88615 0
407.49754 2
365.74778 2
1067.6341 3
1187.3712 3
1320.4125 3
1468.2361 3
1632.4846 3
1814.9828 3
2017.7587 3
2243.0652 3
2493.4058 0
2771.562 3
3080.6245 0
3805.5858 0
3424.0272 2
3080.6245 2
2771.562 2
2493.4058 2
25411.2 0
47824.473 3
53139.414 3
59044.905 3
65606.561 3
72897.29 3
80998.1 3
89999.0 0
80998.1 2
72897.29 0
38735.923 0
34861.331 2
31374.198 2
16668.849 0
15000.964 2
13499.868 0
7169.6978 0
5805.5552 0
5223.9997 2
4700.5997 2
4229.5397 2
3805.5858 2
3424.0272 2
3080.6245 2
2771.562 2
2493.4058 2
0.0 0
