8853.824413464472 3
9838.693792738302 3
10932.993103042558 3
12148.881225602841 3
13499.868028447601 3
15000.96447605289 3
16668.849417836544 1
18522.05490870727 3
20581.172120785854 3
22869.080134206502 3
25411.200149118336 3
28235.77794346482 3
31374.19771496091 1
59044.904900000016 3
65606.56100000002 3
72897.29000000001 1
89999.0 1
9838.693792738304 0
18522.05490870727 1
34861.33079440101 1
65606.56100000002 1
80998.1 1
100000.0 1
7169.697774906223 3
7967.441972118025 3
8853.824413464472 0
16668.849417836544 3
18522.05490870727 3
20581.172120785854 1
25411.200149118336 1
31374.19771496091 1
38735.92310489001 1
72897.29000000001 3
80998.1 3
89999.0 3
100000.0 3
0.0 0
22869.080134206502 1
28235.77794346482 1
34861.33079440101 1
43041.02567210001 1
65606.56100000002 0
80998.1 0
2493.405820543744 1
16668.849417836544 3
18522.05490870727 3
20581.172120785854 3
22869.080134206502 3
25411.200149118336 3
28235.77794346482 3
31374.19771496091 3
34861.33079440101 3
38735.92310489001 3
43041.02567210001 3
47824.47296900001 3
53139.41441000001 3
59044.904900000016 0
72897.29000000001 0
38735.92310489001 1
2771.5620228263824 1
18522.05490870728 0
43041.02567210002 0
53139.41441000001 0
65606.56100000002 0
43041.02567210001 1
3080.6244698070914 1
3805.5857651939396 1
16668.84941783655 0
18522.054908707276 3
20581.17212078586 3
22869.08013420651 3
25411.200149118344 3
28235.777943464826 3
31374.197714960916 3
34861.330794401016 3
38735.92310489002 0
47824.47296900001 0
53139.41441000001 3
59044.904900000016 0
53139.41441000001 2
47824.47296900001 2
3424.027188674546 1
4229.539739104377 1
18522.054908707276 0
28235.777943464826 0
53139.41441000001 0
3805.5857651939396 3
4229.539739104377 3
4700.599710115975 3
5223.999677906639 3
5805.555197674043 1
16668.849417836547 0
20581.17212078586 3
22869.08013420651 3
25411.200149118344 0
22869.08013420651 2
20581.17212078586 2
16668.849417836544 1
47824.47296900001 0
43041.02567210001 2
38735.92310489001 2
3424.0271886745463 0
6451.727997415603 1
22869.08013420651 0
18522.05490870727 1
43041.02567210001 0
34861.33079440101 0
3080.624469807092 1
5805.555197674043 3
6451.727997415603 3
7169.697774906225 3
7967.441972118028 3
8853.824413464476 1
16668.849417836547 3
18522.054908707276 3
20581.17212078586 0
16668.849417836544 1
20581.172120785854 1
38735.92310489001 0
31374.19771496091 0
3424.0271886745463 1
6451.727997415604 0
9838.693792738306 1
18522.054908707276 0
18522.05490870727 1
22869.080134206502 1
34861.33079440101 0
3805.5857651939405 3
4229.539739104378 3
4700.5997101159755 3
5223.99967790664 3
5805.5551976740435 0
10932.993103042561 3
12148.881225602845 3
13499.868028447605 3
15000.964476052894 3
16668.849417836547 0
18522.05490870727 3
20581.172120785854 3
22869.080134206502 3
25411.200149118336 3
28235.77794346482 3
31374.19771496091 0
28235.77794346482 2
25411.200149118336 2
4229.539739104378 0
5223.99967790664 0
9838.693792738306 0
12148.881225602845 0
15000.964476052894 0
22869.080134206506 0
28235.77794346482 0
2017.7587146404333 1
3805.5857651939405 0
4700.5997101159755 0
8853.824413464476 0
10932.993103042561 0
13499.868028447605 0
16668.849417836547 3
18522.054908707272 3
20581.172120785857 0
22869.080134206502 3
25411.200149118336 0
22869.080134206502 2
20581.172120785854 2
2243.06523848937 1
3424.0271886745463 0
12148.881225602845 0
18522.054908707272 0
22869.080134206502 0
2493.4058205437445 3
2771.562022826383 3
3080.624469807092 0
5805.555197674043 3
6451.727997415603 3
7169.697774906225 3
7967.441972118028 3
8853.824413464476 3
9838.693792738306 3
10932.993103042561 0
12148.881225602845 3
13499.868028447605 3
15000.964476052894 3
16668.849417836547 0
20581.172120785854 0
18522.05490870727 2
16668.849417836544 2
2243.06523848937 0
5223.999677906639 0
6451.7279974156045 0
9838.693792738306 0
15000.964476052894 0
15000.96447605289 0
2017.7587146404333 0
3805.585765193941 3
4229.539739104379 3
4700.599710115976 3
5223.9996779066405 3
5805.555197674044 0
7169.697774906225 3
7967.441972118028 3
8853.824413464476 0
10932.993103042561 3
12148.881225602845 3
13499.868028447605 0
12148.881225602845 2
10932.993103042558 3
12148.881225602841 3
13499.868028447601 0
0.0 0
