189.68777788271404 1
365.7477836348982 3
407.4975373721091 3
453.88615263567675 3
505.42905848408526 3
562.6989538712058 3
626.3321709680065 3
697.0357455200073 3
775.595272800008 3
862.8836364444534 1
1067.6341190672263 1
959.8707071605037 2
862.8836364444534 2
959.8707071605037 3
1067.6341190672263 3
1187.3712434080292 3
1320.4124926755878 3
1468.2361029728754 3
1632.4845588587505 3
1814.9828431763895 3
2017.7587146404328 1
1632.4845588587505 1
862.8836364444535 3
959.8707071605039 3
1067.6341190672265 1
211.87530875857115 1
407.4975373721092 0
505.42905848408543 0
626.3321709680066 0
959.8707071605037 1
1187.3712434080292 1
959.8707071605039 0
2243.0652384893697 1
1814.9828431763895 1
1187.3712434080294 1
236.52812084285682 3
263.9201342698409 3
294.35570474426765 3
328.1730052714085 3
365.7477836348983 0
453.88615263567686 0
562.698953871206 0
1067.6341190672263 3
1187.3712434080292 3
1320.4124926755878 1
1187.3712434080292 2
1067.6341190672263 2
959.8707071605038 2
862.8836364444535 2
1067.6341190672265 1
862.8836364444535 1
2493.405820543744 1
2017.7587146404328 1
1067.6341190672265 3
1187.3712434080294 3
1320.4124926755883 1
263.9201342698408 0
505.42905848408543 0
453.8861526356769 2
1468.2361029728754 1
1187.3712434080294 1
959.8707071605039 1
2771.5620228263824 1
2243.0652384893697 1
1468.2361029728759 1
189.687777882714 3
211.8753087585711 3
236.52812084285677 0
211.8753087585711 2
189.687777882714 2
169.7190000944426 2
151.74710008499835 2
453.8861526356769 0
1320.4124926755878 3
1468.2361029728754 3
1632.4845588587505 1
1814.9828431763895 3
2017.7587146404328 1
1814.9828431763895 2
1632.4845588587507 2
1468.2361029728756 2
1320.4124926755883 2
1187.3712434080294 2
1067.6341190672265 2
3080.6244698070914 1
2493.405820543744 1
2017.7587146404333 1
1814.98284317639 2
1632.484558858751 2
169.71900009444263 0
211.87530875857112 0
169.71900009444263 0
135.57239007649852 0
407.49753737210926 0
1814.9828431763895 1
2243.0652384893697 1
3424.027188674546 1
2771.5620228263824 1
2243.06523848937 1
1468.236102972876 0
151.74710008499838 0
189.68777788271402 0
151.74710008499838 0
135.57239007649855 2
121.01515106884871 2
365.74778363489827 0
328.17300527140844 2
294.35570474426765 2
2017.7587146404328 1
2493.405820543744 3
2771.5620228263824 3
3080.6244698070914 3
3424.027188674546 1
3080.6244698070914 2
4700.599710115975 1
3805.5857651939396 1
3424.027188674546 2
3080.6244698070914 2
2771.5620228263824 2
2493.4058205437445 2
1320.4124926755885 0
135.57239007649852 0
107.91363596196382 0
328.1730052714085 0
2243.0652384893697 1
3805.5857651939396 1
5223.999677906639 1
4229.539739104377 1
2771.562022826383 0
2243.06523848937 0
1187.3712434080296 0
121.0151510688487 0
59.62682289918003 3
67.36313655464447 3
75.95904061627164 3
85.5100451291907 3
96.12227236576744 0
294.35570474426765 0
2017.7587146404328 3
2243.0652384893697 3
2493.405820543744 3
2771.5620228263824 3
3080.6244698070914 3
3424.027188674546 3
3805.5857651939396 3
4229.539739104377 3
4700.599710115975 3
5223.999677906639 3
5805.555197674043 1
5223.999677906639 2
4700.599710115975 2
2493.4058205437445 0
2017.7587146404335 0
1067.6341190672267 0
107.9136359619638 0
52.664140609262034 0
85.51004512919069 0
75.95904061627162 2
1814.9828431763901 0
2243.06523848937 0
2771.562022826383 0
3424.0271886745463 0
4229.539739104377 0
6451.727997415603 1
96.12227236576743 0
46.39772654833585 0
35.682158504152014 1
75.95904061627162 0
1320.4124926755883 3
1468.2361029728759 3
1632.484558858751 0
2017.7587146404335 0
2493.4058205437445 0
3080.624469807092 0
3424.0271886745463 3
3805.5857651939405 0
7169.697774906225 3
7967.441972118028 3
8853.824413464476 1
9838.693792738306 3
10932.993103042561 3
12148.881225602845 3
13499.868028447605 3
15000.964476052894 3
16668.849417836547 1
85.5100451291907 0
40.75795389350226 0
40.75795389350224 1
67.36313655464446 0
1468.2361029728759 0
1814.98284317639 0
2243.0652384893706 0
7967.441972118028 1
9838.693792738306 1
18522.054908707276 1
75.95904061627162 0
35.682158504152035 0
46.39772654833582 3
52.66414060926202 3
59.62682289918002 0
52.66414060926201 2
46.39772654833582 2
1320.4124926755883 0
1632.484558858751 0
1814.9828431763897 3
2017.758714640433 0
5805.555197674043 3
6451.727997415603 3
7169.697774906225 3
7967.441972118028 3
8853.824413464476 3
9838.693792738306 3
10932.993103042561 3
12148.881225602845 3
13499.868028447605 3
15000.964476052894 3
16668.849417836547 1
20581.17212078586 1
67.36313655464444 0
31.113942653736817 0
40.75795389350224 0
52.664140609262 0
40.757953893502226 0
1468.2361029728759 0
1814.9828431763897 0
6451.727997415604 0
7967.441972118028 0
9838.693792738308 0
18522.054908707276 1
22869.08013420651 1
59.62682289917999 0
27.002548388363135 0
35.68215850415199 1
46.39772654833579 1
35.682158504152 0
31.113942653736796 2
27.00254838836312 2
1320.4124926755883 0
1632.484558858751 0
4700.5997101159755 3
5223.99967790664 3
5805.5551976740435 3
6451.727997415604 3
7169.697774906226 0
8853.824413464476 0
7967.441972118028 2
7169.697774906226 2
20581.17212078586 3
22869.08013420651 3
25411.200149118344 1
52.66414060926199 0
23.302293549526816 0
40.75795389350221 1
52.664140609261985 1
31.113942653736796 0
23.3022935495268 0
1187.3712434080294 0
1468.2361029728759 0
1320.412492675588 2
5223.999677906638 0
18522.054908707276 0
28235.777943464826 1
46.39772654833579 0
19.97206419457413 0
46.39772654833579 1
59.626822899179984 1
27.00254838836311 0
19.972064194574124 0
1067.6341190672263 0
1320.4124926755883 0
3805.5857651939386 3
4229.539739104376 3
4700.599710115974 0
4229.539739104377 2
3805.5857651939396 2
10932.993103042561 3
12148.881225602845 3
13499.868028447605 3
15000.964476052894 3
16668.849417836547 0
31374.197714960916 1
40.757953893502204 0
52.664140609261985 1
67.36313655464443 1
16.97485777511671 0
1187.3712434080292 0
3424.027188674546 0
34861.330794401016 1
35.68215850415199 3
40.75795389350221 3
46.39772654833579 3
52.664140609261985 3
59.626822899179984 1
75.95904061627158 3
85.51004512919064 3
96.12227236576739 1
14.277371997605039 0
59.62682289918001 1
1067.6341190672265 0
959.8707071605039 2
862.8836364444534 2
775.5952728000082 2
697.0357455200073 2
3080.6244698070914 0
2771.562022826382 2
2493.4058205437445 2
25411.200149118344 3
28235.777943464826 3
31374.197714960916 3
34861.330794401016 3
38735.92310489002 1
31.113942653736796 0
67.36313655464443 1
107.91363596196376 1
67.36313655464446 1
959.8707071605038 0
2771.5620228263824 0
2243.0652384893697 0
43041.02567210002 1
27.002548388363117 0
59.626822899179984 3
67.36313655464443 3
75.95904061627158 1
96.12227236576739 3
107.91363596196376 3
121.01515106884862 1
107.91363596196376 2
96.1222723657674 2
85.51004512919067 2
75.95904061627161 2
862.8836364444534 3
959.8707071605037 3
1067.6341190672263 1
2017.7587146404328 3
2243.0652384893697 3
2493.405820543744 0
2017.7587146404328 0
72897.29000000001 1
65606.56100000002 2
59044.904900000016 2
53139.41441000001 2
47824.47296900002 2
23.30229354952681 0
19.97206419457413 2
85.51004512919064 1
135.57239007649846 1
959.8707071605037 1
1187.3712434080292 1
1814.9828431763897 0
2243.0652384893697 0
80998.1 1
65606.56100000002 1
19.972064194574134 0
75.95904061627158 1
96.12227236576739 3
107.91363596196376 3
121.01515106884862 3
135.57239007649846 3
151.7471000849983 1
135.57239007649846 2
121.01515106884864 2
107.91363596196378 2
96.12227236576742 2
1067.6341190672263 3
1187.3712434080292 3
1320.4124926755878 3
1468.2361029728754 3
1632.4845588587505 0
2017.7587146404328 0
0.0 0
100000.0 2
89999.0 2
80998.1 2
72897.29000000001 2
38735.92310489001 1
16.974857775116718 0
85.51004512919064 1
169.71900009444255 1
107.91363596196378 0
959.8707071605038 0
1187.3712434080294 0
1814.9828431763892 0
80998.1 0
65606.56100000002 0
43041.02567210001 1
14.277371997605043 0
96.12227236576739 3
107.91363596196376 3
121.01515106884862 3
135.57239007649846 3
151.7471000849983 3
169.71900009444255 3
189.68777788271393 1
96.1222723657674 0
697.0357455200074 3
775.5952728000082 3
862.8836364444535 0
1067.6341190672265 0
1320.4124926755876 3
1468.2361029728752 3
1632.4845588587502 0
1468.2361029728752 2
1320.4124926755876 2
72897.29000000001 0
59044.904900000016 0
53139.41441000001 2
47824.47296900001 2
85.51004512919067 0
107.91363596196378 0
211.87530875857104 1
85.51004512919067 0
1468.2361029728752 0
43041.02567210001 0
59.62682289918001 3
67.36313655464446 3
75.95904061627161 0
96.12227236576742 0
46.397726548335804 1
236.5281208428567 1
75.95904061627162 0
67.36313655464446 2
59.62682289918001 2
453.88615263567675 1
862.8836364444531 3
959.8707071605035 3
1067.634119067226 3
1187.371243408029 3
1320.4124926755876 0
697.035745520007 1
626.3321709680064 2
562.6989538712057 2
505.4290584840852 2
453.88615263567675 2
38735.92310489001 0
52.66414060926201 0
67.36313655464446 0
85.51004512919067 0
52.664140609262006 1
263.9201342698408 1
505.42905848408526 1
775.5952728000079 0
959.8707071605035 0
1187.371243408029 0
775.5952728000078 1
34861.33079440101 0
46.39772654833581 0
59.62682289918001 3
67.36313655464446 3
75.95904061627162 0
67.36313655464446 2
59.626822899180006 2
294.35570474426754 3
328.1730052714084 3
365.7477836348982 3
407.4975373721091 3
453.88615263567675 3
505.42905848408526 3
562.6989538712058 3
626.3321709680065 3
697.0357455200071 0
862.8836364444531 3
959.8707071605035 3
1067.634119067226 0
959.8707071605035 2
862.8836364444531 2
775.5952728000078 2
697.035745520007 2
25411.200149118336 3
28235.77794346482 3
31374.19771496091 0
0.0 0
