189.68777788271393 3
211.87530875857104 3
236.5281208428567 3
263.9201342698408 3
294.35570474426754 1
263.92013426984084 2
236.52812084285674 2
189.68777788271387 1
169.71900009444246 2
151.74710008499824 2
189.68777788271387 1
96.12227236576739 1
85.51004512919066 2
75.9590406162716 2
67.36313655464444 2
59.62682289918 2
96.1222723657674 1
85.51004512919067 2
75.95904061627161 2
67.36313655464444 2
59.62682289918001 2
52.664140609262006 2
46.397726548335804 2
121.01515106884867 1
96.12227236576743 1
46.397726548335825 3
52.66414060926203 3
59.62682289918003 1
189.687777882714 1
236.52812084285677 1
263.9201342698408 1
328.1730052714084 1
211.87530875857095 1
211.87530875857098 1
107.91363596196376 1
85.51004512919067 1
107.91363596196378 1
67.36313655464446 0
52.664140609262006 0
135.57239007649852 1
107.9136359619638 1
67.36313655464447 1
211.8753087585711 1
263.92013426984084 1
365.7477836348981 1
294.35570474426754 1
365.7477836348982 1
189.68777788271387 3
211.87530875857095 3
236.52812084285662 3
263.9201342698407 3
294.3557047442674 1
263.92013426984073 2
236.52812084285665 2
121.01515106884862 1
96.12227236576742 3
107.91363596196379 3
121.01515106884865 3
135.5723900764985 1
121.01515106884864 2
59.626822899180006 0
46.39772654833582 0
189.68777788271396 1
151.74710008499835 1
121.01515106884867 1
107.9136359619638 2
96.12227236576744 2
85.5100451291907 2
75.95904061627164 2
236.52812084285677 3
263.92013426984084 3
294.3557047442676 1
407.497537372109 1
328.1730052714084 1
407.4975373721091 1
211.875308758571 0
328.1730052714083 1
211.87530875857104 0
135.57239007649846 1
151.74710008499832 1
211.87530875857107 1
169.7190000944426 1
135.57239007649852 1
85.5100451291907 0
328.17300527140844 1
453.88615263567664 1
365.7477836348982 3
407.4975373721091 3
453.88615263567675 1
365.7477836348982 1
189.68777788271396 0
365.7477836348981 1
189.68777788271393 0
169.71900009444255 2
151.7471000849983 2
135.57239007649846 2
121.01515106884864 2
151.74710008499832 3
169.71900009444258 3
189.68777788271396 1
211.87530875857104 3
236.5281208428567 1
294.35570474426754 1
263.9201342698408 2
236.52812084285674 2
211.8753087585711 2
189.687777882714 2
169.7190000944426 2
151.74710008499835 2
75.95904061627161 0
562.6989538712058 1
453.88615263567686 1
365.74778363489827 1
505.42905848408515 1
505.42905848408526 1
407.4975373721091 1
407.497537372109 1
211.87530875857107 1
263.9201342698408 1
328.1730052714084 1
626.3321709680065 1
505.4290584840854 1
407.4975373721092 1
562.6989538712057 3
626.3321709680064 3
697.035745520007 1
562.6989538712058 1
453.88615263567675 1
407.4975373721091 2
365.7477836348982 2
407.497537372109 3
453.88615263567664 3
505.42905848408515 3
562.6989538712057 1
505.4290584840852 2
453.88615263567675 2
407.49753737210904 2
365.7477836348982 2
328.1730052714084 2
294.35570474426754 2
263.9201342698408 2
236.52812084285674 2
263.9201342698408 3
294.35570474426754 3
328.1730052714084 3
365.7477836348982 3
407.4975373721091 3
453.88615263567675 3
505.42905848408526 3
562.6989538712058 3
626.3321709680065 3
697.0357455200073 3
775.595272800008 3
862.8836364444534 1
775.595272800008 2
697.0357455200073 2
626.3321709680066 2
562.698953871206 2
505.42905848408543 2
453.88615263567686 1
775.5952728000078 1
626.3321709680065 1
505.42905848408526 1
626.3321709680064 1
294.35570474426765 0
505.42905848408543 0
959.8707071605037 1
505.4290584840854 1
697.035745520007 3
775.5952728000078 3
862.8836364444531 1
775.5952728000078 2
697.0357455200071 2
626.3321709680065 2
562.6989538712058 2
505.42905848408526 2
453.88615263567675 2
562.6989538712057 3
626.3321709680064 3
697.035745520007 1
862.8836364444531 1
1067.634119067226 3
1187.371243408029 3
1320.4124926755876 3
1468.2361029728752 3
1632.4845588587502 1
2017.7587146404323 1
2493.4058205437436 1
2017.7587146404323 1
453.88615263567686 0
1320.4124926755878 1
1187.3712434080292 2
1067.6341190672263 2
959.8707071605038 2
862.8836364444535 2
775.595272800008 2
697.0357455200073 2
626.3321709680066 2
562.698953871206 2
775.5952728000078 1
959.8707071605035 1
505.4290584840852 0
775.5952728000078 1
959.8707071605035 1
1814.9828431763892 1
2243.065238489369 1
2771.5620228263815 1
2243.065238489369 1
1468.2361029728754 1
862.8836364444531 1
1067.634119067226 1
365.7477836348982 3
407.4975373721091 3
453.88615263567675 0
407.4975373721091 2
365.74778363489827 2
697.035745520007 3
775.5952728000078 3
862.8836364444531 3
959.8707071605035 3
1067.634119067226 3
1187.371243408029 3
1320.4124926755876 3
1468.2361029728752 3
1632.4845588587502 3
1814.9828431763892 3
2017.7587146404323 3
2243.065238489369 3
2493.4058205437436 3
2771.5620228263815 3
3080.6244698070905 1
2771.5620228263815 2
2493.4058205437436 2
2243.065238489369 2
2017.7587146404326 2
1814.9828431763895 2
1632.4845588587505 2
1468.2361029728754 2
1320.412492675588 2
697.035745520007 1
626.3321709680064 2
562.6989538712057 2
505.4290584840852 2
453.88615263567675 2
959.8707071605035 1
1187.371243408029 1
328.1730052714084 0
328.1730052714084 0
959.8707071605038 0
1187.3712434080292 0
1468.2361029728754 0
1814.9828431763895 0
2243.0652384893697 0
3424.027188674545 1
2771.5620228263824 1
1814.9828431763895 0
1468.2361029728756 0
775.5952728000078 1
505.4290584840853 0
1067.634119067226 3
1187.371243408029 3
1320.4124926755876 1
294.35570474426754 0
2017.7587146404323 1
294.35570474426754 0
3080.6244698070905 1
3805.5857651939386 1
862.8836364444533 0
1067.6341190672265 0
1320.4124926755878 3
1468.2361029728754 3
1632.4845588587505 0
2017.7587146404326 0
3805.5857651939386 1
3080.6244698070914 1
1632.4845588587505 0
1320.4124926755876 1
697.035745520007 3
775.5952728000078 3
862.8836364444531 1
453.88615263567675 0
407.4975373721091 2
365.7477836348982 2
1187.371243408029 1
1468.2361029728752 1
2243.065238489369 1
3424.027188674545 1
4229.539739104376 1
3805.5857651939386 1
1632.4845588587505 3
1814.9828431763895 0
4229.539739104376 1
3424.027188674546 1
1468.2361029728756 0
1468.2361029728752 1
959.8707071605035 1
328.17300527140844 0
1320.4124926755876 1
1632.4845588587502 3
1814.9828431763892 3
2017.7587146404323 3
2243.065238489369 3
2493.4058205437436 3
2771.5620228263815 3
3080.6244698070905 3
3424.027188674545 3
3805.5857651939386 3
4229.539739104376 3
4700.599710115974 1
4229.539739104376 2
3805.5857651939386 2
4229.539739104376 3
4700.599710115974 3
5223.999677906637 3
5805.555197674041 3
6451.727997415601 3
7169.697774906223 1
1632.4845588587507 0
4700.599710115974 1
4229.539739104377 2
3805.5857651939396 2
1320.4124926755883 0
1468.2361029728752 3
1632.4845588587502 1
1320.4124926755876 1
1187.371243408029 2
1067.634119067226 2
959.8707071605037 2
862.8836364444534 2
294.35570474426765 0
1468.2361029728752 1
1468.2361029728756 0
3424.0271886745454 0
5223.999677906637 1
7967.441972118025 1
5223.999677906638 1
3424.027188674546 0
1814.982843176389 1
1468.2361029728752 1
1187.3712434080292 1
775.595272800008 0
263.9201342698409 0
1632.4845588587502 1
1468.2361029728754 2
1320.4124926755878 0
1468.2361029728752 3
1632.4845588587502 3
1814.9828431763892 3
2017.7587146404323 3
2243.065238489369 3
2493.4058205437436 3
2771.562022826382 3
3080.624469807091 0
5805.555197674041 3
6451.727997415601 3
7169.697774906223 3
7967.441972118025 3
8853.824413464472 3
9838.693792738302 3
10932.993103042558 1
9838.693792738302 2
8853.824413464472 2
7967.441972118026 2
7169.697774906224 2
6451.727997415602 2
5805.555197674042 2
3080.624469807091 0
2771.562022826382 2
2493.4058205437436 2
2243.065238489369 2
2017.7587146404321 2
1814.9828431763892 2
1632.4845588587502 2
1468.2361029728754 2
1320.4124926755878 2
697.0357455200073 0
236.52812084285682 0
1814.9828431763892 1
1468.2361029728754 0
2771.562022826382 0
5223.999677906638 0
6451.727997415602 0
12148.881225602841 1
5805.555197674042 0
2243.0652384893688 0
1814.9828431763892 0
189.68777788271404 3
211.87530875857115 0
2017.7587146404323 1
1067.6341190672263 3
1187.3712434080292 3
1320.4124926755878 0
1187.3712434080292 2
1067.6341190672263 2
959.8707071605036 2
862.8836364444534 2
2493.4058205437436 0
4700.599710115974 0
5805.555197674042 0
5223.999677906638 2
4700.599710115974 2
13499.868028447601 1
10932.993103042558 1
9838.693792738302 2
8853.824413464472 2
10932.993103042561 1
8853.824413464476 1
2017.7587146404323 0
1632.4845588587505 0
3080.624469807092 1
2771.562022826383 2
2493.4058205437445 2
2243.0652384893706 2
2017.7587146404335 2
189.68777788271402 0
2243.065238489369 1
775.595272800008 0
2243.065238489369 0
5223.999677906638 0
4229.539739104377 0
15000.96447605289 1
12148.881225602841 1
12148.881225602845 1
9838.693792738306 1
3424.0271886745463 1
2493.4058205437436 3
2771.5620228263815 3
3080.6244698070905 1
3805.5857651939386 1
3424.027188674545 2
3080.6244698070905 2
697.0357455200071 0
2017.7587146404323 0
8853.824413464472 1
4700.599710115974 0
3805.585765193939 0
16668.849417836544 1
13499.868028447601 1
16668.849417836547 1
13499.868028447605 1
10932.993103042561 1
9838.693792738306 2
8853.824413464476 2
3080.624469807092 3
3424.0271886745463 3
3805.5857651939405 3
4229.539739104378 3
4700.5997101159755 1
4229.539739104379 2
3805.585765193941 2
3424.0271886745472 2
3080.6244698070927 2
2243.0652384893697 1
3424.027188674545 1
4229.539739104376 1
9838.693792738302 1
18522.05490870727 1
15000.96447605289 1
18522.054908707272 1
16668.849417836544 2
15000.964476052894 1
12148.881225602845 1
9838.693792738308 1
5223.99967790664 1
2771.562022826383 0
2493.405820543744 1
3805.5857651939386 3
4229.539739104376 3
4700.599710115974 3
5223.999677906637 3
5805.555197674041 3
6451.727997415601 3
7169.697774906223 3
7967.441972118025 3
8853.824413464472 3
9838.693792738302 3
10932.993103042558 3
12148.881225602841 3
13499.868028447601 1
12148.881225602841 2
10932.993103042558 2
20581.172120785854 1
18522.05490870727 2
16668.849417836544 2
18522.054908707272 3
20581.172120785857 1
16668.849417836547 1
15000.964476052894 2
13499.868028447605 2
10932.993103042563 1
9838.693792738306 2
8853.824413464476 2
7169.697774906225 1
6451.727997415604 2
5805.5551976740435 2
5223.99967790664 2
4700.599710115976 2
2493.405820543745 0
2771.5620228263824 1
6451.727997415602 0
12148.881225602841 1
15000.96447605289 1
22869.080134206502 1
22869.080134206506 1
18522.054908707276 1
12148.881225602847 1
7967.441972118028 1
4229.539739104378 0
2243.06523848937 0
3080.6244698070914 3
3424.027188674546 3
3805.5857651939396 3
4229.539739104377 3
4700.599710115975 3
5223.999677906639 3
5805.555197674043 3
6451.727997415603 3
7169.697774906225 3
7967.441972118028 3
8853.824413464476 1
13499.868028447601 3
15000.96447605289 3
16668.849417836544 1
15000.964476052888 2
13499.868028447601 2
25411.200149118336 1
31374.19771496091 1
28235.77794346482 2
25411.20014911834 2
22869.080134206506 2
20581.17212078586 1
18522.054908707272 2
16668.849417836547 2
15000.964476052894 2
13499.868028447607 2
12148.881225602845 2
10932.993103042561 2
9838.693792738306 2
8853.824413464476 2
4700.599710115974 1
3805.5857651939405 0
2017.7587146404333 0
2771.5620228263833 0
3424.027188674547 0
9838.693792738306 1
18522.05490870727 1
28235.77794346482 1
34861.33079440101 1
22869.08013420651 1
18522.054908707276 1
9838.693792738306 0
5223.999677906638 1
2493.405820543745 3
2771.5620228263833 3
3080.6244698070923 0
2771.562022826383 2
2493.405820543745 2
7169.697774906225 3
7967.441972118028 3
8853.824413464476 3
9838.693792738306 3
10932.993103042561 3
12148.881225602845 3
13499.868028447605 1
20581.172120785854 3
22869.080134206502 3
25411.200149118336 3
28235.77794346482 3
31374.19771496091 3
34861.33079440101 3
38735.92310489001 1
34861.33079440101 2
31374.197714960912 2
25411.200149118344 1
22869.08013420651 2
20581.17212078586 2
18522.054908707276 2
16668.84941783655 2
8853.824413464476 0
7967.441972118028 2
7169.697774906225 2
6451.727997415603 2
5805.555197674042 2
3080.6244698070914 1
2771.5620228263824 2
2493.405820543744 2
2771.5620228263824 0
7967.441972118028 0
15000.964476052894 3
16668.849417836547 3
18522.054908707272 0
43041.02567210001 1
34861.330794401016 1
28235.777943464826 1
18522.054908707276 0
5223.999677906638 0
3424.027188674546 1
2017.7587146404335 3
2243.0652384893706 3
2493.405820543745 1
4700.599710115974 3
5223.999677906638 3
5805.555197674042 3
6451.727997415602 3
7169.697774906224 0
7169.697774906224 1
13499.868028447603 0
16668.849417836547 0
15000.964476052892 2
13499.868028447603 2
12148.881225602843 2
10932.993103042558 2
47824.47296900001 1
38735.92310489002 1
31374.197714960916 1
16668.849417836547 0
15000.964476052894 2
13499.868028447605 2
12148.881225602845 2
10932.993103042561 2
9838.693792738306 2
8853.824413464476 2
4700.599710115975 0
4229.539739104377 2
3805.5857651939396 2
3424.027188674546 2
3080.6244698070914 2
1814.9828431763904 0
2771.5620228263833 1
4229.539739104379 0
5223.999677906639 0
7967.441972118027 1
12148.881225602843 0
15000.964476052894 0
10932.993103042558 0
53139.41441000001 1
47824.47296900002 2
43041.02567210002 2
34861.330794401016 1
15000.964476052895 0
12148.881225602847 0
7967.441972118027 0
4229.539739104377 0
1632.4845588587516 0
3080.6244698070927 3
3424.0271886745472 3
3805.5857651939414 0
4700.5997101159755 0
7169.697774906224 3
7967.441972118027 3
8853.824413464474 3
9838.693792738304 3
10932.99310304256 0
13499.868028447603 0
12148.881225602843 2
10932.99310304256 2
72897.29000000001 1
59044.904900000016 1
38735.92310489002 0
34861.330794401016 2
38735.92310489002 1
13499.868028447607 0
10932.993103042561 0
9838.693792738306 2
8853.824413464474 2
7967.441972118027 2
7169.697774906224 0
3805.58576519394 0
3424.027188674546 2
3080.624469807091 2
2771.5620228263824 2
2493.405820543744 2
1468.2361029728766 0
2771.562022826384 0
6451.727997415603 0
12148.881225602843 0
9838.693792738304 0
80998.1 1
65606.56100000002 1
43041.02567210002 1
9838.693792738304 0
7967.441972118027 0
3080.624469807091 3
3424.0271886745454 0
2771.562022826382 0
1320.4124926755887 0
2493.4058205437454 0
1632.4845588587502 1
1468.2361029728754 2
1320.4124926755878 2
5805.555197674043 0
7169.697774906223 3
7967.441972118025 3
8853.824413464472 3
9838.693792738302 3
10932.993103042558 0
8853.824413464472 0
89999.0 1
80998.1 2
72897.29000000001 2
65606.56100000002 2
59044.904900000016 2
53139.41441000001 2
47824.47296900002 2
43041.02567210001 2
38735.92310489002 2
8853.824413464474 0
7169.6977749062235 0
6451.727997415602 2
5805.555197674042 2
3080.624469807091 0
2493.4058205437436 0
2243.065238489369 2
2017.7587146404321 2
2243.0652384893706 0
1814.9828431763892 1
3080.6244698070905 1
7967.441972118027 0
9838.693792738302 0
100000.0 1
65606.56100000002 0
34861.330794401016 0
5805.555197674042 3
6451.727997415602 0
5223.999677906637 0
2243.065238489369 0
1814.982843176389 0
1632.4845588587514 3
1814.9828431763904 3
2017.7587146404337 0
1814.9828431763904 2
2017.7587146404323 3
2243.065238489369 3
2493.4058205437436 3
2771.5620228263815 3
3080.6244698070905 3
3424.027188674545 1
3080.6244698070905 2
7169.6977749062235 0
8853.824413464474 0
89999.0 3
100000.0 3
0.0 0
59044.904900000016 1
53139.41441000002 2
47824.47296900002 2
43041.02567210002 2
38735.92310489002 2
31374.197714960916 0
28235.777943464826 2
25411.200149118344 2
5805.555197674042 0
4700.599710115974 0
4229.539739104376 2
3805.5857651939386 2
2017.7587146404323 0
1632.4845588587502 0
1814.9828431763904 0
2771.5620228263815 1
3805.5857651939386 1
6451.727997415601 0
7967.441972118027 0
100000.0 0
65606.56100000002 1
28235.777943464826 0
22869.08013420651 0
5223.999677906638 0
4229.539739104376 0
1632.4845588587502 3
1814.9828431763892 3
2017.7587146404323 3
2243.065238489369 3
2493.4058205437436 3
2771.5620228263815 3
3080.6244698070905 3
3424.027188674545 3
3805.5857651939386 3
4229.539739104376 3
4700.599710115974 3
5223.999677906638 3
5805.555197674042 3
6451.727997415602 3
7169.697774906224 0
6451.727997415602 2
5805.555197674042 2
89999.0 0
80998.1 2
72897.29000000001 2
65606.56100000002 2
59044.904900000016 2
20581.17212078586 3
22869.08013420651 3
25411.200149118344 0
20581.17212078586 0
4700.599710115974 0
3805.5857651939386 0
3424.027188674545 2
3080.6244698070905 2
1632.4845588587502 1
1468.2361029728752 2
1320.4124926755878 2
1468.2361029728756 0
2243.06523848937 0
2771.5620228263824 0
4229.539739104378 0
5223.999677906638 0
18522.054908707276 0
22869.08013420651 0
18522.054908707276 0
3424.027188674545 0
2771.5620228263815 0
1814.9828431763892 1
1320.412492675588 0
1187.3712434080294 2
1067.6341190672265 2
2017.7587146404333 0
2493.405820543744 0
2243.0652384893697 2
2017.7587146404328 2
3805.5857651939405 0
3424.0271886745463 2
3080.624469807092 2
2771.562022826383 2
2493.4058205437445 2
4700.599710115974 0
4229.539739104376 2
3805.5857651939386 2
3424.027188674545 2
3080.6244698070905 2
13499.868028447605 3
15000.964476052894 3
16668.849417836547 0
20581.17212078586 0
16668.849417836547 0
15000.964476052894 2
13499.868028447605 2
3080.6244698070905 0
2771.5620228263815 2
2493.4058205437436 2
2243.065238489369 2
2017.7587146404323 2
1814.9828431763892 2
1632.4845588587502 2
0.0 0
