2017.7587146404333 1
2493.4058205437445 3
2771.562022826383 1
3080.624469807092 3
3424.0271886745463 3
3805.5857651939405 1
3424.0271886745463 2
3080.624469807092 2
2771.562022826383 2
2493.405820543745 2
2017.7587146404333 1
1814.98284317639 2
1632.484558858751 2
862.8836364444534 3
959.8707071605037 3
1067.6341190672263 1
862.8836364444534 1
294.3557047442676 3
328.17300527140844 3
365.74778363489827 3
407.4975373721092 3
453.88615263567686 1
407.4975373721092 2
365.7477836348983 2
294.35570474426765 1
236.52812084285677 1
121.0151510688487 3
135.57239007649855 3
151.74710008499838 1
135.57239007649855 2
121.01515106884871 2
107.91363596196382 2
96.12227236576746 2
14.277371997605066 1
9.664671318060105 1
-4.446115994589071 1
-5.001504395130164 2
-5.501353955617148 2
2243.06523848937 1
3080.624469807092 1
4229.539739104378 1
2771.5620228263833 0
2243.06523848937 1
1187.3712434080292 1
959.8707071605037 1
505.4290584840854 1
328.1730052714085 1
263.92013426984084 1
169.71900009444263 1
96.12227236576747 0
16.97485777511674 1
11.84963479784456 1
-3.8290177717656344 1
2493.4058205437445 3
2771.562022826383 3
3080.624469807092 3
3424.0271886745463 3
3805.5857651939405 3
4229.539739104378 3
4700.5997101159755 1
2493.405820543745 0
2243.0652384893706 2
2017.7587146404335 2
2243.06523848937 3
2493.4058205437445 1
1320.4124926755885 3
1468.236102972876 3
1632.4845588587511 1
1320.4124926755878 1
1187.3712434080292 2
1067.6341190672263 2
862.8836364444535 1
697.0357455200074 1
562.698953871206 1
505.42905848408543 2
453.8861526356769 2
407.4975373721092 2
365.7477836348983 2
328.1730052714085 2
294.3557047442676 2
263.9201342698409 2
236.5281208428568 2
211.87530875857115 2
189.68777788271404 2
169.71900009444266 2
151.74710008499838 2
14.277371997605066 3
16.97485777511674 3
19.972064194574155 1
16.974857775116742 2
14.277371997605066 2
-3.143353079739594 3
-2.381503421932882 3
-1.5350038021476464 1
5223.99967790664 1
2243.06523848937 0
1814.9828431763904 0
2771.562022826383 1
1814.9828431763901 1
1468.2361029728754 1
959.8707071605039 1
775.5952728000082 1
626.3321709680066 1
407.49753737210926 0
211.87530875857118 0
11.84963479784456 0
23.302293549526837 1
11.849634797844562 0
-3.8290177717656344 0
-0.5944486690529405 1
7169.697774906225 1
8853.824413464476 1
4700.5997101159755 3
5223.99967790664 3
5805.5551976740435 1
2017.7587146404337 0
1814.9828431763904 2
1632.4845588587511 2
3080.624469807092 1
2771.562022826383 2
2493.4058205437445 2
2243.06523848937 2
2017.7587146404335 2
1632.4845588587505 1
1468.2361029728756 2
1320.412492675588 2
1187.3712434080294 2
1067.6341190672265 2
959.8707071605039 2
862.8836364444535 2
775.5952728000082 2
697.0357455200074 2
365.7477836348984 0
121.01515106884872 3
135.57239007649858 3
151.7471000849984 3
169.71900009444266 3
189.68777788271407 0
169.71900009444266 2
151.74710008499838 2
135.57239007649855 2
121.0151510688487 2
9.664671318060105 0
27.002548388363152 1
9.664671318060105 0
-4.446115994589071 0
0.4506125899411772 1
7967.441972118028 1
9838.693792738306 1
6451.727997415604 1
3424.0271886745463 1
1814.9828431763895 1
959.8707071605039 0
107.91363596196388 0
169.7190000944427 0
107.91363596196386 0
31.113942653736835 1
7.698204186254095 0
1.611791766601308 1
8853.824413464476 3
9838.693792738306 3
10932.993103042561 1
8853.824413464476 1
7967.441972118028 2
7169.697774906226 2
6451.727997415604 2
5805.555197674044 2
5223.99967790664 2
4700.5997101159755 2
4229.539739104378 2
3805.5857651939405 2
3424.027188674547 2
3080.6244698070923 2
1632.4845588587505 3
1814.9828431763895 3
2017.7587146404328 1
1814.9828431763895 2
1632.4845588587507 2
862.8836364444536 0
453.88615263567704 1
407.4975373721094 2
365.74778363489844 2
294.35570474426777 1
96.12227236576749 0
121.01515106884872 3
135.57239007649858 3
151.7471000849984 0
135.57239007649858 2
121.01515106884872 2
107.91363596196385 2
96.12227236576747 0
46.39772654833584 1
40.757953893502254 2
35.682158504152035 2
5.928383767628684 0
4.335545390865816 2
2.9019908517792334 2
1.611791766601308 3
2.901990851779231 1
12148.881225602845 1
9838.693792738306 1
6451.7279974156045 0
5223.99967790664 0
4229.539739104376 1
2243.0652384893697 1
1814.9828431763895 1
505.4290584840856 1
328.1730052714086 1
135.57239007649858 0
85.51004512919074 0
52.66414060926204 1
40.757953893502254 1
4.335545390865812 1
10932.993103042561 3
12148.881225602845 3
13499.868028447605 1
12148.881225602845 2
10932.993103042561 2
5805.5551976740435 0
4700.5997101159755 0
5805.555197674042 1
4700.599710115974 1
4229.539739104377 2
3805.5857651939396 2
3424.027188674546 2
3080.6244698070914 2
2771.5620228263824 2
2493.405820543744 2
2243.0652384893697 2
2017.7587146404328 2
1814.9828431763897 2
1632.484558858751 2
562.6989538712062 1
294.35570474426777 3
328.1730052714086 3
365.74778363489844 1
328.1730052714086 2
294.35570474426777 2
96.12227236576747 3
107.91363596196385 3
121.01515106884872 0
107.91363596196385 2
96.12227236576746 2
85.51004512919071 2
75.95904061627166 0
67.3631365546445 2
59.62682289918004 2
52.66414060926205 2
46.39772654833584 2
40.75795389350226 2
35.68215850415204 2
2.901990851779231 3
4.335545390865812 3
5.92838376762868 1
15000.964476052894 1
9838.693792738306 0
6451.727997415602 1
5223.999677906638 1
4229.539739104378 1
2243.0652384893697 0
1814.9828431763897 0
626.3321709680068 1
407.4975373721094 1
107.91363596196383 0
52.66414060926204 0
40.75795389350226 0
7.698204186254088 1
13499.868028447605 3
15000.964476052894 3
16668.849417836547 1
8853.824413464474 0
10932.993103042558 1
9838.693792738302 2
8853.824413464474 2
7169.697774906224 1
6451.727997415603 2
5805.555197674042 2
5223.999677906638 2
4700.5997101159755 2
1632.4845588587507 3
1814.9828431763897 3
2017.758714640433 0
1632.484558858751 0
862.8836364444536 1
697.0357455200076 1
626.3321709680068 2
562.6989538712062 2
505.4290584840856 2
453.8861526356771 2
59.626822899180034 3
67.36313655464448 3
75.95904061627165 3
85.51004512919071 3
96.12227236576746 0
14.27737199760507 3
16.974857775116742 3
19.97206419457416 1
46.397726548335854 0
35.68215850415204 0
19.972064194574145 1
14.277371997605059 1
9.664671318060098 1
12148.881225602843 0
18522.054908707272 1
10932.993103042558 3
12148.881225602841 1
7967.441972118027 1
5223.999677906639 0
1468.236102972876 0
959.870707160504 1
775.5952728000084 1
23.302293549526844 1
40.75795389350227 0
23.302293549526826 1
19.972064194574145 2
16.97485777511673 2
11.849634797844553 1
10932.993103042561 0
20581.172120785857 1
16668.849417836547 1
13499.868028447601 1
7169.697774906224 3
7967.441972118027 3
8853.824413464474 1
4700.599710115975 0
4229.539739104378 2
3805.5857651939396 2
2017.7587146404333 1
1814.98284317639 2
1632.484558858751 2
1320.4124926755885 0
1187.3712434080294 2
1067.6341190672267 2
959.870707160504 2
862.8836364444537 2
775.5952728000083 2
697.0357455200075 2
151.74710008499844 3
169.7190000944427 3
189.6877778827141 1
169.7190000944427 2
151.74710008499844 2
121.0151510688487 1
107.91363596196383 2
96.12227236576746 2
27.00254838836316 3
31.113942653736842 3
35.68215850415204 0
31.113942653736842 2
27.002548388363156 2
27.002548388363138 1
14.27737199760506 0
11.849634797844555 2
14.277371997605059 1
22869.080134206506 1
18522.054908707272 1
15000.96447605289 1
9838.693792738304 1
3424.0271886745463 0
2243.06523848937 1
775.5952728000083 0
135.5723900764986 0
211.8753087585712 1
135.57239007649855 1
31.11394265373684 0
31.11394265373682 1
16.97485777511673 1
31374.19771496091 1
28235.77794346482 2
25411.20014911834 2
22869.080134206506 2
20581.172120785857 2
18522.054908707272 2
16668.849417836544 2
15000.964476052892 2
13499.868028447603 2
12148.881225602843 2
10932.99310304256 2
9838.693792738304 2
8853.824413464474 2
3080.624469807092 0
2771.5620228263824 2
2493.4058205437445 2
236.52812084285682 1
294.35570474426765 3
328.1730052714085 3
365.7477836348983 1
697.0357455200075 0
626.3321709680067 2
562.6989538712061 2
121.01515106884874 0
236.52812084285688 1
121.0151510688487 3
135.57239007649855 3
151.74710008499838 1
135.57239007649855 2
121.0151510688487 2
19.972064194574155 3
23.30229354952684 3
27.002548388363156 0
23.302293549526826 3
27.002548388363138 1
35.68215850415202 1
14.277371997605059 3
16.97485777511673 3
19.972064194574145 1
34861.33079440101 1
15000.964476052892 0
2771.562022826383 0
263.9201342698409 1
328.1730052714085 1
407.49753737210926 1
626.3321709680067 0
365.7477836348984 1
263.92013426984096 1
169.71900009444263 1
135.57239007649855 1
23.302293549526844 0
31.11394265373682 1
40.75795389350225 1
23.302293549526826 1
38735.92310489001 1
34861.33079440101 2
31374.197714960912 2
10932.993103042561 3
12148.881225602845 3
13499.868028447605 0
1320.4124926755885 3
1468.236102972876 3
1632.4845588587511 3
1814.9828431763901 3
2017.7587146404335 3
2243.0652384893706 3
2493.405820543745 0
2243.0652384893706 2
2017.7587146404335 2
294.35570474426765 3
328.1730052714085 3
365.7477836348983 3
407.49753737210926 3
453.8861526356769 3
505.4290584840855 3
562.6989538712061 0
505.42905848408554 2
453.886152635677 2
407.4975373721093 2
365.7477836348984 2
328.17300527140856 2
294.3557047442677 2
151.74710008499838 3
169.71900009444263 3
189.68777788271404 1
169.71900009444263 2
151.74710008499838 2
135.57239007649855 2
121.01515106884872 2
19.97206419457416 0
35.68215850415202 3
40.75795389350225 3
46.397726548335825 1
40.75795389350225 2
35.68215850415202 2
27.002548388363138 1
43041.02567210001 1
562.6989538712057 1
1814.9828431763904 0
2243.06523848937 0
328.17300527140856 0
407.4975373721093 0
505.4290584840855 0
328.17300527140856 0
189.68777788271402 1
211.87530875857115 1
169.7190000944426 1
52.66414060926203 1
31.11394265373682 1
47824.47296900001 1
562.6989538712057 3
626.3321709680064 3
697.035745520007 1
862.8836364444531 1
1067.634119067226 3
1187.371243408029 3
1320.4124926755876 1
1632.4845588587502 3
1814.9828431763892 3
2017.7587146404323 1
189.6877778827141 3
211.8753087585712 3
236.5281208428569 3
263.920134269841 3
294.35570474426777 0
365.74778363489844 0
453.88615263567704 0
236.52812084285677 3
263.92013426984084 3
294.3557047442676 1
263.92013426984084 2
236.5281208428568 2
211.87530875857112 2
189.68777788271404 3
211.87530875857115 3
236.52812084285682 1
189.68777788271402 1
169.71900009444263 2
151.74710008499838 2
135.57239007649855 2
121.0151510688487 2
75.95904061627164 1
67.36313655464447 2
59.62682289918003 2
52.66414060926203 2
46.39772654833583 2
40.75795389350225 2
35.68215850415202 2
53139.41441000001 1
775.5952728000078 1
959.8707071605035 1
1468.2361029728752 1
1468.2361029728754 0
2243.065238489369 1
211.87530875857124 0
328.17300527140844 1
263.9201342698409 1
211.87530875857112 1
107.91363596196382 0
96.12227236576746 2
85.5100451291907 2
31.113942653736828 1
59044.904900000016 1
53139.41441000001 2
47824.47296900002 2
862.8836364444531 3
959.8707071605035 3
1067.634119067226 1
1320.4124926755876 1
1632.4845588587502 1
1320.412492675588 0
2493.4058205437436 1
2243.065238489369 2
2017.7587146404323 2
189.6877778827141 0
169.71900009444272 2
151.74710008499844 2
453.88615263567686 1
236.52812084285677 3
263.92013426984084 3
294.3557047442676 3
328.17300527140844 3
365.74778363489827 3
407.4975373721092 3
453.88615263567686 1
407.4975373721092 2
365.74778363489827 2
328.1730052714085 2
294.35570474426765 2
263.9201342698409 2
236.5281208428568 2
75.95904061627164 3
85.5100451291907 3
96.12227236576744 0
75.95904061627165 0
67.36313655464448 2
59.626822899180034 2
52.66414060926203 2
46.39772654833583 2
40.757953893502254 2
35.68215850415203 2
65606.56100000002 1
1187.371243408029 1
1468.2361029728752 1
1814.9828431763892 1
2771.5620228263815 1
505.4290584840854 1
407.4975373721092 1
505.4290584840854 1
85.5100451291907 0
67.36313655464448 0
52.664140609262034 0
72897.29000000001 1
65606.56100000002 2
59044.904900000016 2
53139.41441000001 2
47824.47296900002 2
1320.4124926755876 3
1468.2361029728752 3
1632.4845588587502 3
1814.9828431763892 3
2017.7587146404323 3
2243.065238489369 3
2493.4058205437436 3
2771.5620228263815 3
3080.6244698070905 1
1632.4845588587502 3
1814.9828431763892 3
2017.7587146404323 1
1632.4845588587502 1
562.698953871206 1
697.0357455200074 1
365.74778363489827 3
407.4975373721092 3
453.88615263567686 3
505.4290584840854 3
562.698953871206 1
505.42905848408543 2
453.8861526356769 2
-1.5350038021476462 3
-0.5944486690529402 3
0.4506125899411775 1
-0.5944486690529402 2
-1.5350038021476462 2
75.95904061627164 0
67.36313655464447 2
59.62682289918002 2
52.66414060926202 2
46.397726548335825 2
40.75795389350224 2
35.682158504152014 2
31.113942653736817 2
27.002548388363135 2
80998.1 1
43041.02567210001 0
38735.92310489001 2
1468.2361029728756 0
1814.9828431763895 0
2243.0652384893697 0
3424.027188674545 1
2243.065238489369 1
1814.9828431763892 1
626.3321709680066 1
775.5952728000082 1
505.4290584840854 1
626.3321709680066 1
407.49753737210926 0
1.6117917666013082 1
2.901990851779231 1
52.66414060926203 0
40.75795389350224 0
31.11394265373682 0
23.302293549526826 0
89999.0 3
100000.0 3
0.0 0
38735.92310489001 0
1067.6341190672265 3
1187.3712434080294 3
1320.412492675588 0
1632.4845588587505 0
2017.7587146404326 0
3805.5857651939386 1
3424.027188674545 2
3080.6244698070905 2
2493.4058205437436 1
2017.7587146404323 1
697.0357455200074 3
775.5952728000082 3
862.8836364444535 3
959.8707071605039 3
1067.6341190672265 1
562.698953871206 3
626.3321709680066 3
697.0357455200074 1
365.7477836348983 0
328.1730052714085 2
294.35570474426765 2
2.901990851779231 1
5.92838376762868 1
4.335545390865812 2
2.9019908517792308 2
46.397726548335825 0
40.75795389350225 2
35.68215850415202 2
27.002548388363135 0
23.302293549526826 2
19.972064194574145 2
34861.33079440101 0
4229.539739104376 1
3424.027188674545 1
2771.562022826382 1
2243.065238489369 1
1187.3712434080294 1
775.5952728000082 1
263.92013426984096 0
4.335545390865812 1
7.698204186254088 1
31.113942653736817 0
20581.172120785854 3
22869.080134206502 3
25411.200149118336 3
28235.77794346482 3
31374.19771496091 0
28235.77794346482 2
25411.200149118336 2
22869.080134206502 2
20581.172120785854 2
18522.05490870727 2
16668.849417836544 2
3805.5857651939386 3
4229.539739104376 3
4700.599710115974 1
4229.539739104376 2
3805.5857651939386 2
3424.027188674545 2
3080.624469807091 2
2771.562022826382 2
2493.4058205437436 2
2243.065238489369 2
2017.7587146404326 2
1632.4845588587505 1
1320.412492675588 1
1067.6341190672265 1
959.8707071605039 2
862.8836364444535 2
775.5952728000083 2
697.0357455200075 2
236.52812084285688 0
5.92838376762868 3
7.698204186254088 3
9.664671318060098 3
11.849634797844553 3
14.277371997605059 3
16.97485777511673 3
19.972064194574145 3
23.302293549526826 3
27.002548388363138 0
23.302293549526823 2
19.97206419457414 2
5.928383767628674 1
28235.77794346482 0
15000.96447605289 0
3424.0271886745454 0
5223.999677906637 1
4229.539739104376 1
2243.065238489369 1
1814.9828431763895 1
1468.2361029728756 1
1187.3712434080294 1
626.3321709680066 0
211.87530875857118 0
11.849634797844551 0
16.974857775116728 0
23.302293549526823 0
16.974857775116725 0
7.698204186254082 1
7169.697774906223 3
7967.441972118025 3
8853.824413464472 1
25411.200149118336 0
22869.080134206502 2
20581.172120785854 2
18522.05490870727 2
16668.849417836544 2
13499.868028447601 0
3080.624469807091 0
5805.555197674041 1
4700.599710115974 1
4229.539739104376 2
3805.5857651939386 2
3424.027188674545 2
3080.624469807091 2
2771.562022826382 2
2493.4058205437436 2
2243.065238489369 2
2017.7587146404326 2
1814.9828431763895 2
1632.4845588587507 2
1468.2361029728756 2
1320.412492675588 2
862.8836364444531 1
562.6989538712061 0
189.68777788271402 0
96.12227236576746 3
107.91363596196383 3
121.0151510688487 1
9.664671318060096 0
14.277371997605053 0
19.972064194574138 0
14.27737199760505 0
11.849634797844546 2
9.66467131806009 2
6451.727997415601 0
9838.693792738302 1
18522.05490870727 0
12148.881225602841 0
6451.727997415601 1
5223.999677906637 1
3424.0271886745454 0
2771.5620228263815 0
1814.9828431763895 0
1187.371243408029 0
1067.634119067226 2
959.8707071605035 2
505.4290584840854 0
211.8753087585711 1
135.57239007649855 1
7.698204186254086 0
16.974857775116718 0
11.849634797844544 0
5805.555197674042 0
10932.993103042558 3
12148.881225602841 3
13499.868028447601 3
15000.96447605289 3
16668.849417836544 0
8853.824413464472 3
9838.693792738302 3
10932.993103042558 0
9838.693792738302 2
8853.824413464472 2
7967.441972118025 2
7169.697774906223 2
6451.727997415601 2
5805.555197674041 2
3080.624469807091 0
2771.562022826382 2
2493.4058205437436 0
1320.412492675588 3
1468.2361029728756 3
1632.4845588587507 0
562.6989538712058 1
1067.6341190672263 0
862.8836364444533 0
453.88615263567686 0
236.52812084285677 1
211.8753087585711 2
189.687777882714 2
169.7190000944426 2
151.74710008499838 2
5.928383767628678 0
4.335545390865811 2
2.9019908517792294 2
14.277371997605048 0
11.849634797844544 2
9.66467131806009 2
7.698204186254082 2
5.928383767628674 2
9838.693792738304 0
12148.881225602843 0
15000.96447605289 0
9838.693792738302 0
5223.999677906637 0
2771.562022826382 0
626.3321709680065 1
959.8707071605037 0
775.5952728000079 0
407.4975373721092 0
263.92013426984084 1
169.71900009444263 0
135.57239007649852 0
4.335545390865811 0
1.6117917666013066 0
7.698204186254082 0
4.335545390865806 0
7169.697774906224 3
7967.441972118027 3
8853.824413464474 0
10932.99310304256 0
13499.868028447601 0
12148.881225602841 2
10932.993103042558 2
9838.693792738302 2
8853.824413464472 0
3080.6244698070905 3
3424.027188674545 3
3805.5857651939386 3
4229.539739104376 3
4700.599710115974 0
2493.4058205437436 0
365.7477836348981 3
407.497537372109 3
453.88615263567664 3
505.42905848408515 3
562.6989538712057 1
626.3321709680065 3
697.0357455200073 3
775.595272800008 3
862.8836364444534 0
775.595272800008 2
697.0357455200073 2
365.74778363489827 0
328.17300527140844 2
294.3557047442676 2
151.74710008499838 0
121.01515106884862 1
2.9019908517792294 0
0.4506125899411759 0
-1.53500380214765 1
5.928383767628674 0
2.9019908517792254 0
7967.441972118027 0
9838.693792738304 0
12148.881225602841 0
7967.441972118025 0
2771.562022826382 0
3424.0271886745454 0
4229.539739104376 0
2243.065238489369 0
505.42905848408515 1
626.3321709680064 1
775.595272800008 0
626.3321709680065 0
263.92013426984084 0
236.52812084285677 2
135.57239007649846 1
1.6117917666013053 1
-0.5944486690529445 1
4.335545390865806 0
27.002548388363113 1
7169.697774906224 0
8853.824413464474 0
10932.993103042558 0
75.95904061627158 1
7169.697774906223 0
2493.4058205437436 0
3080.624469807091 0
3805.5857651939386 0
2017.7587146404323 0
1814.9828431763892 2
1632.4845588587502 2
562.6989538712057 3
626.3321709680064 3
697.035745520007 1
562.6989538712058 3
626.3321709680065 3
697.0357455200073 0
562.6989538712058 0
505.42905848408526 2
453.88615263567675 2
236.5281208428567 1
189.68777788271393 1
169.71900009444255 2
151.7471000849983 2
0.4506125899411748 1
1.6117917666013053 3
2.901990851779228 1
0.4506125899411728 3
1.611791766601303 3
2.9019908517792254 0
-3.1433530797395948 1
31.113942653736792 1
85.51004512919064 1
2243.065238489369 0
1814.9828431763892 0
1468.2361029728752 0
775.5952728000078 1
505.4290584840854 0
407.4975373721091 0
263.9201342698408 1
211.87530875857104 1
135.5723900764985 0
1.6117917666013053 1
4.335545390865809 1
1.6117917666013053 1
-2.3815034219328832 1
35.68215850415199 1
31.113942653736792 2
27.002548388363117 2
59.626822899179984 3
67.36313655464443 3
75.95904061627158 3
85.51004512919064 3
96.12227236576739 1
85.51004512919064 2
75.9590406162716 2
2017.7587146404323 0
1067.634119067226 3
1187.371243408029 3
1320.4124926755876 3
1468.2361029728752 3
1632.4845588587502 0
1320.4124926755876 0
1187.371243408029 2
1067.634119067226 2
959.8707071605035 2
862.8836364444531 2
453.88615263567664 1
236.5281208428567 3
263.9201342698408 3
294.35570474426754 3
328.1730052714084 3
365.7477836348982 0
328.1730052714084 2
294.35570474426754 2
263.9201342698408 2
236.5281208428567 2
121.01515106884865 0
2.901990851779228 3
4.335545390865809 3
5.928383767628676 1
4.335545390865809 2
2.901990851779228 2
1.6117917666013062 2
0.4506125899411755 2
-0.5944486690529418 2
-1.535003802147648 2
40.75795389350221 1
107.91363596196376 1
75.95904061627161 1
959.8707071605037 0
1468.2361029728752 0
775.5952728000078 0
505.42905848408515 1
328.1730052714084 0
107.91363596196379 0
7.698204186254085 1
-0.5944486690529421 0
-2.381503421932883 0
46.39772654833579 1
40.75795389350221 2
35.68215850415199 2
75.95904061627158 1
96.12227236576739 3
107.91363596196376 3
121.01515106884862 1
96.1222723657674 1
85.51004512919067 2
75.95904061627161 2
862.8836364444534 0
775.595272800008 2
697.0357455200073 2
1320.4124926755876 0
1187.371243408029 2
1067.634119067226 2
959.8707071605035 2
862.8836364444531 2
697.035745520007 0
626.3321709680064 2
562.6989538712057 2
505.42905848408515 2
453.88615263567664 2
236.5281208428567 3
263.9201342698408 3
294.35570474426754 0
59.62682289918001 3
67.36313655464446 3
75.95904061627161 3
85.51004512919067 3
96.12227236576742 0
85.51004512919067 2
75.95904061627161 2
9.664671318060094 1
-3.1433530797395943 3
-2.3815034219328823 3
-1.535003802147647 0
-3.1433530797395943 0
52.664140609261985 1
85.51004512919064 1
107.91363596196376 1
135.57239007649846 1
107.91363596196378 1
67.36313655464446 0
775.595272800008 0
1067.634119067226 3
1187.371243408029 0
775.5952728000078 0
407.497537372109 0
263.9201342698408 0
67.36313655464446 0
85.51004512919067 0
11.84963479784455 1
59.626822899179984 1
52.66414060926199 2
46.3977265483358 2
96.12227236576739 3
107.91363596196376 3
121.01515106884862 3
135.57239007649846 3
151.7471000849983 1
135.57239007649846 2
121.01515106884864 2
59.62682289918 0
697.0357455200073 0
365.7477836348981 1
1067.634119067226 0
959.8707071605035 2
862.8836364444531 2
697.035745520007 0
236.52812084285662 1
294.3557047442674 3
328.1730052714083 3
365.7477836348981 0
328.1730052714083 2
294.3557047442674 2
263.9201342698407 2
236.52812084285662 2
14.277371997605034 1
59.62682289918001 0
75.95904061627161 0
9.664671318060094 3
11.84963479784455 3
14.277371997605055 1
-1.5350038021476484 1
-2.3815034219328837 2
-3.143353079739595 2
-3.8290177717656357 2
-4.446115994589072 2
67.36313655464443 1
169.71900009444255 1
626.3321709680065 0
407.497537372109 1
775.5952728000078 0
626.3321709680064 0
263.9201342698407 1
263.9201342698407 0
16.974857775116703 1
67.36313655464446 0
16.974857775116728 1
-0.5944486690529427 1
-5.001504395130166 0
75.95904061627158 3
85.51004512919064 3
96.12227236576739 1
121.01515106884862 3
135.57239007649846 3
151.7471000849983 3
169.71900009444255 3
189.68777788271393 1
236.5281208428567 1
294.35570474426754 1
562.6989538712058 0
505.42905848408526 2
453.88615263567664 3
505.42905848408515 3
562.6989538712057 3
626.3321709680064 3
697.035745520007 0
626.3321709680064 2
562.6989538712057 0
294.3557047442674 1
236.52812084285662 1
189.68777788271387 3
211.87530875857095 3
236.52812084285662 0
27.002548388363103 1
23.30229354952679 2
19.972064194574113 2
46.397726548335775 1
52.66414060926201 3
59.62682289918001 0
27.002548388363135 1
23.30229354952682 2
19.97206419457414 2
0.4506125899411748 1
-1.5350038021476482 1
-5.501353955617149 0
67.36313655464443 0
107.91363596196376 1
135.57239007649846 1
211.87530875857104 1
263.9201342698408 1
328.1730052714084 1
505.42905848408526 0
407.4975373721091 0
505.42905848408515 0
328.1730052714083 1
263.9201342698407 1
211.87530875857095 1
31.11394265373678 1
52.66414060926197 1
52.66414060926201 0
31.113942653736814 1
1.6117917666013053 1
-0.5944486690529425 1
59.626822899180006 0
121.01515106884862 3
135.57239007649846 3
151.7471000849983 3
169.71900009444255 3
189.68777788271393 3
211.87530875857104 3
236.5281208428567 3
263.9201342698408 3
294.35570474426754 3
328.1730052714084 3
365.7477836348982 3
407.4975373721091 3
453.88615263567675 0
365.7477836348982 0
328.1730052714084 2
294.35570474426754 2
365.7477836348981 3
407.497537372109 3
453.88615263567664 0
407.497537372109 2
365.7477836348981 2
328.1730052714083 2
294.3557047442674 2
263.9201342698407 2
236.52812084285662 2
27.002548388363103 3
31.11394265373678 3
35.68215850415198 3
40.7579538935022 3
46.397726548335775 3
52.66414060926197 3
59.62682289917996 1
46.39772654833581 0
40.75795389350223 2
35.682158504152014 2
0.4506125899411748 3
1.6117917666013053 3
2.901990851779228 1
1.6117917666013055 2
0.45061258994117503 2
-1.535003802147648 1
67.36313655464446 1
107.9136359619638 0
135.57239007649852 0
169.71900009444258 0
211.8753087585711 0
328.17300527140844 0
407.4975373721091 0
328.17300527140833 0
407.497537372109 0
328.1730052714083 0
263.9201342698407 0
211.87530875857095 0
67.3631365546444 1
40.75795389350223 0
31.113942653736814 0
4.335545390865809 1
1.6117917666013057 1
0.4506125899411755 2
-0.5944486690529422 2
75.95904061627162 3
85.51004512919069 3
96.12227236576743 0
121.01515106884867 0
151.74710008499832 0
189.687777882714 0
236.52812084285677 3
263.92013426984084 3
294.3557047442676 0
365.7477836348982 0
328.1730052714084 2
294.35570474426754 2
236.52812084285665 3
263.92013426984073 3
294.3557047442675 0
365.7477836348981 0
294.3557047442674 0
236.52812084285662 0
189.68777788271387 0
169.7190000944425 2
151.74710008499824 2
135.5723900764984 2
121.01515106884857 2
107.9136359619637 2
96.12227236576734 2
85.51004512919062 2
75.95904061627155 2
35.682158504152014 0
31.113942653736814 2
27.002548388363135 2
23.302293549526823 2
19.97206419457414 2
5.928383767628676 1
4.335545390865809 2
2.9019908517792286 2
0.4506125899411748 1
67.36313655464447 0
85.51004512919069 0
169.7190000944426 0
263.92013426984084 0
328.1730052714084 0
263.9201342698408 0
263.92013426984073 0
263.9201342698407 0
169.7190000944425 0
135.5723900764984 0
85.51004512919062 0
16.974857775116728 0
7.698204186254085 1
1.6117917666013053 1
59.62682289918003 0
75.95904061627162 0
67.36313655464446 2
59.62682289918001 2
121.01515106884867 3
135.57239007649852 3
151.74710008499835 3
169.7190000944426 3
189.687777882714 3
211.8753087585711 3
236.52812084285677 0
294.35570474426754 0
236.5281208428567 0
189.68777788271387 3
211.87530875857098 3
236.52812084285665 0
211.87530875857098 2
189.68777788271387 2
211.87530875857095 3
236.52812084285662 0
121.01515106884857 3
135.5723900764984 3
151.74710008499824 0
135.5723900764984 2
121.01515106884857 2
107.9136359619637 2
96.12227236576734 2
75.95904061627155 0
2.901990851779228 3
4.335545390865809 3
5.928383767628676 3
7.698204186254085 3
9.664671318060094 3
11.84963479784455 3
14.277371997605055 0
11.84963479784455 2
9.664671318060094 2
7.698204186254085 2
5.928383767628676 2
4.335545390865809 2
2.901990851779228 2
0.0 0
