-7.0484383302804146 3
-6.720487033644905 3
-6.356096704049894 3
-5.9512185600554375 3
-5.5013539556171525 3
-5.001504395130169 3
-4.446115994589077 1
-5.001504395130169 2
-4.446115994589077 3
-3.82901777176564 3
-3.1433530797396 1
-3.82901777176564 3
-3.1433530797396 1
-3.82901777176564 2
-4.446115994589077 2
-5.001504395130169 2
-5.5013539556171525 2
-5.9512185600554375 2
-6.356096704049893 3
-5.951218560055437 3
-5.501353955617152 1
-4.446115994589076 3
-3.8290177717656397 1
-3.143353079739599 3
-2.381503421932888 3
-1.5350038021476538 1
-2.381503421932888 2
-3.143353079739599 2
2.901990851779228 3
4.335545390865809 3
5.928383767628676 1
7.698204186254085 3
9.664671318060094 3
11.84963479784455 3
14.277371997605055 1
11.84963479784455 2
9.664671318060098 2
14.277371997605055 1
9.664671318060098 1
14.277371997605059 3
16.97485777511673 3
19.972064194574145 1
14.277371997605059 1
9.6646713180601 1
5.928383767628681 1
-1.5350038021476449 1
-3.143353079739592 1
-2.381503421932883 3
-1.5350038021476475 1
-6.356096704049895 0
-3.8290177717656406 1
-2.381503421932889 1
-2.381503421932889 1
-5.001504395130168 1
-3.1433530797395997 1
-0.5944486690529485 1
7.698204186254085 1
16.974857775116728 1
16.974857775116728 1
11.849634797844553 1
23.302293549526826 1
16.97485777511673 1
11.849634797844555 1
7.69820418625409 1
-0.5944486690529387 1
-2.38150342193288 1
-0.5944486690529417 1
-6.356096704049894 1
-7.0484383302804146 1
-4.446115994589077 1
-3.1433530797396005 1
-3.1433530797396 3
-2.381503421932889 3
-1.5350038021476546 3
-0.5944486690529496 1
-1.5350038021476544 2
5.928383767628665 1
9.66467131806008 3
11.849634797844534 3
14.277371997605037 1
-4.446115994589076 3
-3.8290177717656397 3
-3.1433530797395997 3
-2.3815034219328886 3
-1.5350038021476538 3
-0.5944486690529485 3
0.4506125899411684 1
1.6117917666013053 3
2.901990851779228 3
4.335545390865809 3
5.928383767628676 3
7.698204186254085 3
9.664671318060094 3
11.84963479784455 3
14.277371997605055 3
16.974857775116728 3
19.97206419457414 1
14.277371997605055 3
16.974857775116728 3
19.97206419457414 1
14.277371997605059 3
16.97485777511673 3
19.972064194574145 3
23.302293549526826 3
27.002548388363138 1
23.302293549526826 2
19.972064194574145 2
16.97485777511673 2
14.27737199760506 2
11.849634797844555 2
9.6646713180601 2
0.45061258994117925 1
-0.5944486690529385 2
-1.5350038021476446 2
0.4506125899411759 1
-5.9512185600554375 1
-6.720487033644905 1
-3.8290177717656406 1
-2.3815034219328894 1
0.4506125899411672 1
7.698204186254072 1
7.698204186254074 0
16.974857775116707 1
-2.381503421932888 0
1.6117917666012982 1
4.335545390865811 0
23.302293549526823 1
23.302293549526823 1
31.11394265373682 1
7.698204186254089 0
1.6117917666013102 1
1.6117917666013066 1
-5.5013539556171525 1
-5.9512185600554375 2
-6.356096704049894 2
-3.1433530797396005 3
-2.3815034219328894 3
-1.5350038021476549 1
0.4506125899411668 1
2.9019908517792183 1
1.6117917666012969 2
0.45061258994116726 2
9.66467131806008 1
5.928383767628666 0
19.972064194574116 1
-5.501353955617152 3
-5.001504395130168 3
-4.446115994589076 3
-3.8290177717656393 3
-3.143353079739599 0
2.90199085177922 1
1.6117917666012982 2
0.45061258994117637 3
1.611791766601307 3
2.90199085177923 0
1.611791766601307 2
0.45061258994117726 2
19.97206419457414 3
23.302293549526823 3
27.002548388363135 3
31.113942653736814 3
35.682158504152014 1
31.11394265373682 2
27.002548388363135 2
23.302293549526826 2
19.972064194574145 2
27.002548388363138 3
31.11394265373682 3
35.68215850415202 1
27.002548388363138 1
19.972064194574145 1
5.928383767628683 0
4.335545390865815 2
2.9019908517792334 2
5.928383767628676 1
2.9019908517792294 1
-5.001504395130169 1
-0.5944486690529498 1
1.6117917666012964 1
4.335545390865798 1
11.849634797844534 1
23.302293549526794 1
4.3355453908658 1
-0.5944486690529418 0
1.6117917666013062 0
23.302293549526826 0
40.75795389350224 1
40.75795389350225 1
31.11394265373682 1
23.302293549526826 1
4.335545390865812 0
4.335545390865809 1
7.698204186254085 1
4.335545390865811 1
-4.446115994589077 1
-5.001504395130169 2
-5.5013539556171525 1
-1.5350038021476549 3
-0.5944486690529498 3
0.4506125899411668 1
2.9019908517792183 3
4.335545390865798 3
5.928383767628665 3
7.698204186254072 3
9.66467131806008 3
11.849634797844534 3
14.277371997605037 3
16.974857775116707 3
19.972064194574116 3
23.302293549526794 3
27.002548388363103 1
19.972064194574116 1
14.277371997605037 1
11.849634797844534 2
9.66467131806008 2
7.698204186254074 2
5.928383767628667 2
-1.5350038021476493 0
0.4506125899411746 0
-0.5944486690529436 2
-1.5350038021476493 2
46.39772654833581 1
19.97206419457414 0
46.39772654833582 1
59.62682289918001 3
67.36313655464446 3
75.95904061627162 1
35.68215850415202 3
40.75795389350225 3
46.397726548335825 1
35.68215850415202 1
31.11394265373682 2
27.00254838836314 2
2.9019908517792317 0
5.928383767628676 3
7.698204186254085 3
9.664671318060094 1
7.698204186254085 2
5.928383767628678 2
-3.8290177717656406 1
-5.001504395130169 1
-2.381503421932889 0
1.6117917666012964 1
9.66467131806008 1
31.113942653736782 1
23.302293549526794 1
16.974857775116707 1
-2.3815034219328837 0
-0.5944486690529436 0
52.66414060926201 1
52.66414060926202 1
85.51004512919069 1
52.66414060926203 1
40.75795389350225 1
19.972064194574145 1
11.84963479784455 1
-3.1433530797396005 1
-4.446115994589077 3
-3.82901777176564 3
-3.1433530797396 0
2.9019908517792183 1
5.928383767628665 1
9.66467131806008 3
11.849634797844534 3
14.277371997605037 1
16.974857775116707 3
19.972064194574116 3
23.302293549526794 3
27.002548388363103 1
35.68215850415198 1
31.113942653736785 2
27.002548388363106 2
23.302293549526798 2
19.972064194574116 2
16.974857775116707 2
14.277371997605036 2
19.97206419457414 1
-3.1433530797395948 0
-2.3815034219328837 3
-1.5350038021476484 0
46.39772654833581 3
52.66414060926201 3
59.62682289918001 3
67.36313655464446 3
75.95904061627162 1
67.36313655464446 2
59.62682289918002 2
75.95904061627162 3
85.51004512919069 3
96.12227236576743 1
85.51004512919069 2
75.95904061627164 2
67.36313655464446 2
59.62682289918003 2
52.66414060926203 2
46.397726548335825 2
40.75795389350224 2
35.68215850415202 2
31.11394265373682 2
27.002548388363138 2
23.302293549526826 2
19.972064194574145 2
16.974857775116728 2
14.277371997605055 2
11.84963479784455 2
9.664671318060098 2
-2.3815034219328894 1
-3.8290177717656406 1
4.335545390865798 1
7.698204186254072 1
5.928383767628666 2
7.698204186254074 0
16.974857775116707 1
31.113942653736782 1
40.7579538935022 1
16.974857775116728 1
23.302293549526823 1
-2.3815034219328837 0
52.66414060926201 1
85.51004512919069 1
67.36313655464446 1
107.9136359619638 1
67.36313655464447 1
46.39772654833583 1
31.113942653736824 1
11.849634797844557 1
-1.5350038021476549 1
-2.3815034219328894 2
-3.1433530797396005 2
2.9019908517792183 1
5.928383767628665 1
9.66467131806008 1
5.928383767628666 0
19.972064194574116 3
23.302293549526794 3
27.002548388363103 1
35.68215850415198 1
46.397726548335775 1
2.901990851779231 1
1.6117917666013084 2
0.4506125899411777 2
19.97206419457414 3
23.302293549526823 3
27.002548388363135 1
23.302293549526823 2
19.972064194574138 2
-3.143353079739594 0
59.62682289918001 1
52.66414060926201 2
46.39772654833581 2
96.12227236576743 1
75.95904061627162 3
85.51004512919069 3
96.12227236576743 3
107.9136359619638 3
121.01515106884867 1
96.12227236576743 1
85.51004512919069 2
75.95904061627164 2
59.626822899180034 1
52.664140609262034 2
46.39772654833583 2
40.757953893502254 2
35.68215850415203 2
27.00254838836314 1
23.30229354952683 2
19.97206419457415 2
14.277371997605062 1
-0.5944486690529498 1
4.335545390865798 1
7.698204186254072 1
11.849634797844534 1
23.302293549526794 1
31.113942653736782 1
40.7579538935022 1
52.66414060926197 1
4.335545390865812 1
31.113942653736814 1
-3.829017771765634 0
67.36313655464446 1
107.9136359619638 1
107.9136359619638 1
135.57239007649852 1
107.9136359619638 1
67.36313655464448 1
31.113942653736824 1
16.974857775116735 0
16.974857775116735 1
0.4506125899411668 1
2.9019908517792183 3
4.335545390865798 3
5.928383767628665 1
9.66467131806008 1
14.277371997605037 1
19.972064194574116 3
23.302293549526794 3
27.002548388363103 3
31.11394265373678 3
35.68215850415198 1
46.397726548335775 3
52.66414060926197 3
59.62682289917996 1
5.92838376762868 3
7.698204186254088 3
9.664671318060098 1
27.002548388363135 1
35.682158504152014 3
40.75795389350223 3
46.39772654833581 1
-4.446115994589072 0
75.95904061627162 3
85.51004512919069 3
96.12227236576743 3
107.9136359619638 3
121.01515106884867 1
96.12227236576743 3
107.9136359619638 3
121.01515106884867 1
151.74710008499835 1
121.01515106884867 1
59.626822899180034 3
67.36313655464448 3
75.95904061627165 1
59.626822899180034 1
27.002548388363145 3
31.113942653736828 3
35.68215850415203 1
14.277371997605064 0
19.97206419457415 1
1.6117917666012964 1
7.698204186254072 1
11.849634797844534 1
16.974857775116707 1
31.11394265373678 1
40.7579538935022 1
52.66414060926197 1
67.3631365546444 1
11.849634797844553 1
31.113942653736814 1
52.66414060926201 1
135.57239007649852 1
135.57239007649852 1
169.7190000944426 1
135.57239007649852 1
85.51004512919071 1
67.36313655464448 1
40.757953893502254 1
23.30229354952683 1
2.9019908517792183 1
1.6117917666012969 2
0.45061258994116726 2
9.66467131806008 1
14.277371997605037 1
19.972064194574116 1
27.002548388363103 3
31.11394265373678 3
35.68215850415198 3
40.7579538935022 3
46.397726548335775 1
59.62682289917996 1
75.95904061627155 1
9.664671318060098 1
14.277371997605059 1
35.682158504152014 3
40.75795389350223 3
46.39772654833581 3
52.66414060926201 3
59.62682289918001 1
75.95904061627162 1
96.12227236576743 3
107.9136359619638 3
121.01515106884867 1
151.74710008499835 1
169.7190000944426 3
189.687777882714 1
169.7190000944426 2
151.74710008499835 3
169.7190000944426 3
189.687777882714 1
169.7190000944426 2
151.74710008499835 2
121.0151510688487 1
107.91363596196383 2
96.12227236576746 2
85.51004512919073 2
75.95904061627165 2
67.36313655464448 2
59.626822899180034 2
52.664140609262034 2
46.39772654833584 2
40.757953893502254 2
35.682158504152035 2
31.113942653736828 2
27.002548388363145 2
4.335545390865798 1
11.849634797844534 1
16.974857775116707 1
23.302293549526794 1
52.66414060926197 1
67.3631365546444 1
85.51004512919062 1
11.849634797844553 1
16.97485777511673 1
31.113942653736817 0
67.36313655464446 1
85.51004512919069 1
135.57239007649852 1
169.7190000944426 1
211.8753087585711 1
211.8753087585711 1
169.71900009444266 1
135.57239007649855 1
67.36313655464448 0
23.30229354952683 0
5.928383767628665 3
7.698204186254072 3
9.66467131806008 3
11.849634797844534 3
14.277371997605037 3
16.974857775116707 3
19.972064194574116 3
23.302293549526794 3
27.002548388363103 3
31.11394265373678 3
35.68215850415198 3
40.7579538935022 3
46.397726548335775 3
52.66414060926197 3
59.62682289917996 3
67.3631365546444 3
75.95904061627155 3
85.51004512919062 3
96.12227236576734 1
14.277371997605059 3
16.97485777511673 3
19.972064194574145 3
23.302293549526826 3
27.002548388363138 0
35.682158504152014 1
75.95904061627162 3
85.51004512919069 3
96.12227236576743 3
107.9136359619638 3
121.01515106884867 3
135.57239007649852 3
151.74710008499835 3
169.7190000944426 3
189.687777882714 1
211.8753087585711 3
236.52812084285677 3
263.92013426984084 3
294.3557047442676 1
263.9201342698409 2
236.52812084285677 2
189.68777788271407 1
151.74710008499838 1
135.57239007649855 2
121.01515106884871 2
59.62682289918004 0
75.95904061627164 1
67.36313655464447 2
59.62682289918003 2
52.66414060926203 2
46.39772654833583 2
19.97206419457414 0
4.335545390865795 0
7.698204186254069 0
31.113942653736785 0
40.7579538935022 0
52.66414060926197 0
107.9136359619637 1
40.75795389350223 1
67.36313655464447 0
85.5100451291907 0
107.9136359619638 0
135.57239007649852 0
211.8753087585711 1
328.17300527140844 1
263.9201342698409 1
211.87530875857118 1
169.71900009444263 1
85.5100451291907 1
16.97485777511673 0
2.9019908517792166 0
5.928383767628662 0
7.698204186254072 3
9.66467131806008 3
11.849634797844534 3
14.277371997605037 3
16.974857775116707 3
19.97206419457412 3
23.302293549526798 3
27.00254838836311 0
35.682158504151985 0
46.397726548335775 0
96.12227236576734 1
121.01515106884857 1
107.9136359619637 2
96.12227236576736 2
189.68777788271387 3
211.87530875857095 3
236.52812084285662 1
46.39772654833581 3
52.66414060926201 3
59.62682289918001 3
67.36313655464446 3
75.95904061627162 0
96.12227236576744 3
107.91363596196382 3
121.01515106884868 0
236.52812084285677 1
294.3557047442676 3
328.17300527140844 3
365.74778363489827 1
328.1730052714085 2
294.35570474426765 2
263.9201342698409 2
236.52812084285685 2
211.87530875857115 2
189.68777788271404 2
169.71900009444266 2
151.74710008499838 2
135.57239007649855 2
121.01515106884872 2
107.91363596196385 2
96.12227236576744 2
85.5100451291907 2
75.95904061627164 2
35.682158504152014 1
14.277371997605055 0
1.6117917666012929 0
4.335545390865796 0
11.849634797844539 0
23.3022935495268 0
107.9136359619637 1
135.5723900764984 1
263.9201342698407 1
52.66414060926202 0
263.92013426984084 1
407.4975373721092 1
263.9201342698409 1
169.71900009444263 0
135.57239007649855 0
67.36313655464446 0
40.75795389350224 1
0.4506125899411657 0
2.9019908517792157 0
27.002548388363103 1
9.664671318060087 0
5.928383767628669 1
19.97206419457412 0
16.974857775116703 2
14.277371997605036 2
59.62682289918 1
121.01515106884857 3
135.5723900764984 3
151.74710008499824 3
169.7190000944425 3
189.68777788271387 3
211.87530875857095 3
236.52812084285662 3
263.9201342698407 3
294.3557047442674 1
263.92013426984073 2
236.52812084285665 2
46.39772654833581 0
151.74710008499835 3
169.7190000944426 3
189.687777882714 3
211.8753087585711 3
236.52812084285677 3
263.92013426984084 3
294.3557047442676 3
328.17300527140844 3
365.74778363489827 3
407.4975373721092 3
453.88615263567686 1
407.4975373721092 2
365.7477836348983 2
328.17300527140844 2
294.35570474426765 2
151.74710008499838 0
121.01515106884868 0
107.91363596196382 2
96.12227236576744 2
85.5100451291907 2
75.95904061627161 2
59.62682289918002 0
52.66414060926202 2
46.39772654833582 2
40.75795389350224 2
35.682158504152014 2
31.113942653736782 1
5.928383767628669 3
7.698204186254077 1
16.97485777511671 0
67.36313655464444 1
107.91363596196376 0
169.71900009444255 0
328.1730052714083 1
365.74778363489816 1
211.87530875857104 1
263.9201342698409 0
505.4290584840854 1
407.49753737210926 1
263.9201342698409 0
85.51004512919069 0
67.36313655464453 1
19.972064194574116 1
27.002548388363103 1
35.68215850415198 3
40.7579538935022 3
46.397726548335775 1
9.664671318060085 3
11.849634797844539 3
14.277371997605043 0
59.62682289918 3
67.36313655464444 3
75.9590406162716 3
85.51004512919066 3
96.1222723657674 0
189.68777788271387 1
169.71900009444246 2
151.7471000849983 0
294.3557047442674 3
328.1730052714083 3
365.7477836348981 3
407.497537372109 3
453.88615263567664 1
407.49753737210904 2
365.74778363489816 2
328.17300527140833 2
294.35570474426754 2
263.9201342698408 2
236.5281208428567 2
211.87530875857104 2
189.68777788271393 2
236.52812084285682 0
453.88615263567686 3
505.4290584840854 3
562.698953871206 1
505.42905848408543 2
453.8861526356769 2
236.5281208428568 0
211.87530875857115 2
189.68777788271404 2
96.12227236576746 1
75.95904061627164 0
59.62682289918008 3
67.36313655464453 3
75.9590406162717 1
96.12227236576751 1
75.9590406162717 1
23.302293549526794 1
31.11394265373678 1
52.66414060926197 1
85.51004512919066 0
211.87530875857095 1
505.42905848408515 1
263.9201342698408 0
211.87530875857104 0
211.87530875857115 0
626.3321709680066 1
211.87530875857118 0
169.71900009444263 0
107.91363596196383 1
67.36313655464447 0
52.66414060926208 0
85.51004512919077 1
107.9136359619639 1
85.51004512919077 1
27.002548388363103 3
31.11394265373678 3
35.68215850415198 1
46.397726548335775 3
52.66414060926197 3
59.62682289917996 1
75.95904061627155 1
96.12227236576734 1
85.5100451291906 2
75.95904061627155 2
67.3631365546444 2
59.62682289918 3
67.36313655464444 3
75.9590406162716 0
236.52812084285662 3
263.9201342698407 3
294.3557047442674 3
328.1730052714083 3
365.7477836348981 3
407.497537372109 3
453.88615263567664 3
505.42905848408515 3
562.6989538712057 1
505.4290584840852 2
453.88615263567675 2
236.5281208428567 0
189.687777882714 0
169.7190000944426 2
151.7471000849984 3
169.71900009444266 3
189.68777788271407 0
562.698953871206 3
626.3321709680066 3
697.0357455200074 1
151.74710008499838 3
169.71900009444263 3
189.68777788271404 0
169.71900009444263 2
151.74710008499838 2
135.57239007649855 2
121.0151510688487 2
59.62682289918003 0
46.397726548335875 0
96.12227236576751 3
107.9136359619639 3
121.01515106884878 1
107.91363596196389 2
96.12227236576753 2
40.7579538935022 1
52.66414060926197 1
67.3631365546444 1
85.51004512919062 3
96.12227236576734 3
107.9136359619637 1
67.36313655464444 0
236.5281208428567 0
328.1730052714084 0
626.3321709680064 1
407.4975373721091 0
211.87530875857107 0
135.57239007649858 0
775.5952728000082 1
135.57239007649852 0
107.91363596196382 0
135.57239007649864 1
19.972064194574116 1
46.397726548335775 3
52.66414060926197 3
59.62682289917996 3
67.3631365546444 3
75.95904061627155 3
85.51004512919062 3
96.12227236576734 1
121.01515106884857 1
59.62682289918001 3
67.36313655464446 3
75.95904061627161 1
67.36313655464444 2
59.62682289918 0
189.68777788271393 3
211.87530875857104 3
236.5281208428567 3
263.9201342698408 3
294.35570474426754 0
562.6989538712057 1
697.035745520007 1
365.74778363489816 0
189.68777788271396 0
169.71900009444255 2
151.7471000849983 2
121.01515106884871 0
562.698953871206 3
626.3321709680066 3
697.0357455200074 3
775.5952728000082 3
862.8836364444535 1
697.0357455200074 1
562.6989538712061 1
121.0151510688487 0
107.91363596196383 2
96.12227236576746 2
85.51004512919071 2
75.95904061627164 2
67.36313655464447 2
59.626822899180034 2
189.6877778827142 1
151.74710008499846 3
169.71900009444275 3
189.68777788271416 1
23.302293549526794 1
40.7579538935022 0
85.51004512919062 1
107.9136359619637 1
135.5723900764984 1
85.51004512919067 1
211.87530875857107 0
263.92013426984084 0
626.3321709680064 1
775.5952728000078 1
328.1730052714084 0
211.87530875857107 1
626.3321709680067 0
959.8707071605039 1
775.5952728000082 1
626.3321709680067 1
107.91363596196383 0
85.51004512919071 0
67.36313655464447 0
211.87530875857132 1
211.8753087585713 1
27.002548388363106 3
31.113942653736785 3
35.682158504151985 0
75.95904061627155 3
85.51004512919062 3
96.12227236576734 3
107.9136359619637 3
121.01515106884857 3
135.5723900764984 3
151.74710008499824 1
121.0151510688486 1
96.12227236576742 3
107.91363596196379 3
121.01515106884865 3
135.5723900764985 3
151.74710008499832 3
169.71900009444258 3
189.68777788271396 0
236.52812084285677 0
697.035745520007 3
775.5952728000078 3
862.8836364444531 1
294.3557047442676 0
263.92013426984084 2
236.52812084285674 2
211.87530875857107 2
189.68777788271396 2
169.71900009444255 2
151.7471000849983 2
453.8861526356769 3
505.4290584840855 3
562.6989538712061 0
1067.6341190672265 1
959.8707071605039 2
862.8836364444535 2
775.5952728000083 2
697.0357455200075 2
96.12227236576744 0
75.95904061627164 0
67.36313655464448 2
59.626822899180034 2
189.6877778827142 3
211.87530875857132 3
236.52812084285702 3
263.9201342698411 3
294.3557047442679 1
263.9201342698411 2
236.528120842857 2
135.5723900764984 1
169.7190000944425 1
135.57239007649844 1
85.51004512919069 0
135.57239007649846 0
775.5952728000078 1
959.8707071605035 1
211.87530875857104 0
407.4975373721093 0
1187.3712434080294 1
775.5952728000084 0
85.51004512919071 0
67.36313655464448 0
52.664140609262034 0
211.8753087585713 0
328.1730052714087 1
263.9201342698411 1
35.68215850415199 1
75.95904061627155 3
85.51004512919062 3
96.12227236576734 3
107.9136359619637 3
121.01515106884857 3
135.5723900764984 3
151.74710008499824 3
169.7190000944425 3
189.68777788271387 1
169.7190000944425 2
151.74710008499827 2
75.95904061627161 0
96.1222723657674 3
107.91363596196378 3
121.01515106884864 0
562.6989538712057 3
626.3321709680064 3
697.035745520007 1
862.8836364444531 3
959.8707071605035 3
1067.634119067226 1
959.8707071605036 2
862.8836364444531 2
189.68777788271396 0
562.698953871206 1
453.88615263567686 1
407.4975373721092 2
365.74778363489844 0
1067.6341190672265 3
1187.3712434080294 3
1320.4124926755883 1
697.0357455200075 0
626.3321709680067 2
562.6989538712061 2
75.95904061627164 0
59.62682289918003 0
46.39772654833584 0
40.75795389350225 2
35.68215850415202 2
189.6877778827142 0
365.74778363489855 1
294.35570474426794 1
40.75795389350221 1
107.91363596196375 0
135.57239007649846 0
211.87530875857098 1
135.57239007649846 0
121.01515106884862 2
85.51004512919066 0
775.5952728000078 1
1187.371243408029 1
151.7471000849983 3
169.71900009444255 0
626.3321709680066 1
505.4290584840854 1
1468.2361029728759 1
31.113942653736824 0
169.71900009444278 0
407.4975373721095 1
328.1730052714088 1
46.39772654833579 3
52.664140609261985 3
59.626822899179984 3
67.36313655464443 3
75.95904061627158 3
85.51004512919064 3
96.12227236576739 0
121.01515106884861 0
236.52812084285665 1
121.01515106884861 0
35.68215850415201 1
75.95904061627161 0
862.8836364444531 1
1067.634119067226 1
959.8707071605036 2
862.8836364444531 3
959.8707071605035 3
1067.634119067226 3
1187.371243408029 3
1320.4124926755876 1
1187.371243408029 2
1067.634119067226 2
151.74710008499832 0
697.0357455200074 1
626.3321709680067 2
562.698953871206 2
1067.6341190672265 3
1187.3712434080294 3
1320.4124926755883 3
1468.2361029728759 3
1632.484558858751 3
1814.98284317639 3
2017.7587146404333 1
1814.98284317639 2
1632.484558858751 2
1320.4124926755885 3
1468.236102972876 3
1632.4845588587511 1
1320.4124926755885 1
27.002548388363138 0
151.7471000849985 0
453.8861526356772 1
407.49753737210955 2
365.7477836348986 2
40.75795389350222 0
52.66414060926201 0
67.36313655464444 0
85.51004512919066 0
75.95904061627161 2
263.92013426984073 1
40.757953893502226 1
67.36313655464444 0
959.8707071605035 1
1187.371243408029 1
959.8707071605037 0
1468.2361029728752 1
1187.3712434080292 1
775.5952728000082 1
626.3321709680067 1
1187.3712434080296 0
1468.2361029728759 0
2243.06523848937 1
1814.9828431763901 1
1468.236102972876 1
505.4290584840858 1
35.682158504152 0
46.3977265483358 3
52.66414060926199 3
59.62682289917999 0
75.95904061627161 0
365.7477836348981 1
294.3557047442675 1
263.9201342698408 2
236.52812084285668 2
46.397726548335804 3
52.664140609262006 3
59.626822899180006 0
1067.634119067226 3
1187.371243408029 3
1320.4124926755876 1
1187.371243408029 2
1067.634119067226 2
862.8836364444533 0
1632.4845588587502 1
1468.2361029728752 2
1320.4124926755878 2
1067.6341190672265 1
959.8707071605039 2
862.8836364444535 2
775.5952728000083 2
697.0357455200075 2
626.3321709680067 2
562.6989538712061 2
1067.634119067227 0
1320.4124926755885 0
2493.4058205437445 3
2771.562022826383 3
3080.624469807092 1
2771.5620228263824 2
2493.4058205437445 2
2243.0652384893706 2
2017.7587146404335 2
1814.9828431763901 2
1632.4845588587511 2
1468.236102972876 2
1320.4124926755885 2
1187.3712434080298 2
1067.634119067227 2
562.6989538712064 3
626.3321709680071 3
697.0357455200078 1
31.113942653736803 0
40.75795389350222 0
407.497537372109 1
328.17300527140833 1
263.9201342698408 1
40.75795389350223 0
959.8707071605037 0
1468.2361029728752 1
775.595272800008 0
1814.9828431763892 1
1187.3712434080294 1
626.3321709680066 0
505.42905848408543 0
959.8707071605043 0
3424.0271886745463 1
2243.0652384893706 1
1468.236102972876 0
775.5952728000086 1
27.002548388363127 0
35.682158504152 0
31.1139426537368 2
27.002548388363124 2
365.7477836348981 1
453.88615263567664 1
407.49753737210904 2
365.74778363489816 2
328.17300527140833 2
294.35570474426754 2
35.68215850415201 0
1067.634119067226 1
959.8707071605036 2
862.8836364444533 0
1632.4845588587502 1
2017.7587146404323 1
697.0357455200074 0
2017.7587146404323 1
1814.982843176389 2
1632.4845588587502 2
1468.2361029728754 2
1320.412492675588 2
1187.3712434080292 2
1067.6341190672265 2
562.6989538712061 0
505.4290584840855 2
453.8861526356769 0
862.8836364444537 0
2493.4058205437445 3
2771.562022826383 3
3080.624469807092 3
3424.0271886745463 3
3805.5857651939405 1
3424.0271886745463 2
3080.624469807092 2
2771.562022826383 2
2493.405820543745 2
1320.4124926755887 0
1468.2361029728763 3
1632.4845588587514 1
1468.236102972876 2
1320.4124926755887 2
1187.3712434080298 2
1067.6341190672272 2
959.8707071605044 2
862.8836364444539 2
23.302293549526805 0
407.497537372109 1
505.42905848408515 1
1187.371243408029 1
1814.9828431763892 1
2243.065238489369 1
2243.065238489369 1
1187.3712434080292 0
505.4290584840855 0
2243.0652384893706 0
2771.562022826383 0
4229.539739104378 1
2771.5620228263833 1
1814.9828431763904 1
1468.2361029728766 1
959.8707071605044 0
19.972064194574127 0
294.3557047442674 3
328.1730052714083 3
365.7477836348981 3
407.497537372109 3
453.88615263567664 3
505.42905848408515 3
562.6989538712057 3
626.3321709680064 3
697.035745520007 3
775.5952728000078 3
862.8836364444531 1
697.035745520007 1
1320.4124926755876 3
1468.2361029728752 3
1632.4845588587502 3
1814.9828431763892 3
2017.7587146404323 3
2243.065238489369 3
2493.4058205437436 1
2243.065238489369 2
2017.7587146404323 2
2493.4058205437436 1
862.8836364444535 3
959.8707071605039 3
1067.6341190672265 0
365.74778363489827 3
407.4975373721092 3
453.88615263567686 0
1320.4124926755885 3
1468.236102972876 3
1632.4845588587511 3
1814.9828431763901 3
2017.7587146404335 0
2493.405820543745 0
4700.5997101159755 1
4229.539739104379 2
3805.585765193941 2
3424.0271886745472 2
3080.6244698070927 2
2771.5620228263833 2
2493.405820543745 2
2243.0652384893706 2
2017.7587146404337 2
1814.9828431763904 2
1632.4845588587516 2
862.8836364444539 0
453.8861526356769 1
263.92013426984084 0
328.17300527140844 0
407.4975373721091 0
959.8707071605035 1
775.5952728000078 1
2771.5620228263815 1
2493.4058205437436 3
2771.5620228263815 1
775.595272800008 0
959.8707071605038 0
328.1730052714085 0
407.49753737210915 0
1187.37124340803 0
1814.9828431763904 0
5223.99967790664 1
4229.539739104378 1
1814.9828431763904 0
697.0357455200077 3
775.5952728000085 0
505.4290584840855 1
189.68777788271393 1
236.52812084285677 3
263.92013426984084 3
294.3557047442676 0
365.7477836348982 0
328.17300527140844 2
294.3557047442676 2
263.9201342698408 2
236.52812084285674 2
1067.634119067226 1
959.8707071605035 2
862.8836364444531 2
1632.4845588587502 1
2017.7587146404323 3
2243.065238489369 3
2493.4058205437436 3
2771.5620228263815 3
3080.6244698070905 1
2771.5620228263815 2
2493.4058205437436 2
3080.6244698070905 1
697.0357455200071 0
862.8836364444534 0
294.35570474426765 0
328.17300527140844 3
365.74778363489827 0
1067.634119067227 0
1320.4124926755887 3
1468.2361029728763 3
1632.4845588587514 0
7169.697774906225 1
6451.727997415604 2
5805.5551976740435 2
4700.5997101159755 1
4229.539739104379 2
3805.585765193941 2
3424.0271886745472 2
3080.6244698070927 2
1632.4845588587514 0
1468.2361029728763 2
1320.4124926755887 2
697.0357455200076 0
626.3321709680067 2
562.6989538712061 2
211.87530875857104 1
1187.371243408029 1
1814.9828431763892 1
2771.5620228263815 1
3424.027188674545 1
3424.027188674545 1
697.0357455200071 3
775.5952728000079 0
263.9201342698409 0
328.1730052714085 0
959.8707071605044 0
1187.37124340803 0
7967.441972118028 1
5223.99967790664 1
3424.0271886745463 1
1468.2361029728763 1
626.3321709680067 0
505.4290584840855 0
236.5281208428567 3
263.9201342698408 3
294.35570474426754 3
328.1730052714084 3
365.7477836348982 1
407.4975373721091 3
453.88615263567675 3
505.42905848408526 3
562.6989538712058 1
1067.634119067226 3
1187.371243408029 3
1320.4124926755876 3
1468.2361029728752 3
1632.4845588587502 3
1814.9828431763892 3
2017.7587146404323 3
2243.065238489369 3
2493.4058205437436 3
2771.5620228263815 3
3080.6244698070905 3
3424.027188674545 3
3805.5857651939386 3
4229.539739104376 3
4700.599710115974 1
4229.539739104376 2
3805.5857651939386 2
2017.7587146404323 1
697.0357455200071 0
236.52812084285677 3
263.92013426984084 3
294.3557047442676 0
862.8836364444539 0
1067.634119067227 0
7169.697774906225 3
7967.441972118028 3
8853.824413464476 1
7169.697774906225 1
6451.727997415604 2
5805.5551976740435 2
5223.99967790664 2
4700.599710115976 2
4229.539739104378 2
3805.5857651939405 2
3424.027188674547 2
3080.624469807092 2
1632.4845588587514 1
562.6989538712062 0
453.886152635677 0
263.9201342698408 1
328.1730052714084 1
407.4975373721091 1
626.3321709680065 1
1320.412492675588 0
1814.9828431763895 0
2243.0652384893697 0
3080.624469807091 0
5223.999677906637 1
3424.0271886745454 0
2243.065238489369 1
211.87530875857118 0
959.8707071605044 0
9838.693792738306 1
7967.441972118028 1
5223.99967790664 0
2771.5620228263833 0
1814.9828431763904 1
294.35570474426754 3
328.1730052714084 3
365.7477836348982 3
407.4975373721091 3
453.88615263567675 3
505.42905848408526 3
562.6989538712058 3
626.3321709680065 3
697.0357455200073 3
775.595272800008 3
862.8836364444534 3
959.8707071605037 3
1067.6341190672263 3
1187.3712434080292 0
1067.634119067226 2
1632.4845588587505 3
1814.9828431763895 3
2017.7587146404326 0
1814.9828431763895 2
1632.4845588587507 2
7169.697774906223 1
6451.727997415601 2
5805.555197674041 2
3080.6244698070905 0
2771.562022826382 2
2493.4058205437436 2
2243.0652384893697 2
2017.7587146404326 2
189.68777788271407 0
169.71900009444266 2
151.74710008499838 2
697.0357455200076 3
775.5952728000084 3
862.8836364444537 0
8853.824413464476 3
9838.693792738306 3
10932.993103042561 1
9838.693792738306 2
8853.824413464476 2
4700.5997101159755 0
5805.555197674043 1
2017.7587146404335 3
2243.0652384893706 3
2493.405820543745 0
2243.0652384893706 2
2017.7587146404337 2
1814.9828431763901 2
1632.4845588587511 2
1468.2361029728759 2
1320.4124926755885 2
263.92013426984084 0
328.1730052714085 0
626.3321709680066 0
959.8707071605037 1
1468.2361029728754 0
7967.441972118025 1
2243.065238489369 0
135.57239007649855 0
626.3321709680068 0
12148.881225602845 1
6451.727997415603 1
1814.98284317639 0
1468.236102972876 0
236.52812084285677 0
263.9201342698409 3
294.35570474426765 0
365.74778363489827 3
407.4975373721092 3
453.88615263567686 3
505.4290584840854 3
562.698953871206 0
505.42905848408543 2
453.8861526356769 2
862.8836364444534 3
959.8707071605037 3
1067.6341190672263 3
1187.3712434080292 3
1320.4124926755878 0
1187.3712434080292 2
1067.634119067226 2
7169.697774906223 3
7967.441972118025 3
8853.824413464472 1
10932.993103042558 1
9838.693792738302 2
8853.824413464474 2
2017.7587146404323 0
1814.9828431763892 2
1632.4845588587502 2
96.12227236576746 3
107.91363596196383 3
121.0151510688487 0
562.6989538712062 0
8853.824413464476 3
9838.693792738306 3
10932.993103042561 3
12148.881225602845 3
13499.868028447605 1
12148.881225602845 2
10932.993103042561 2
9838.693792738304 2
8853.824413464476 2
7967.441972118028 2
7169.697774906225 2
6451.727997415604 2
5805.5551976740435 2
5223.999677906639 2
4700.5997101159755 2
1632.4845588587511 0
1320.4124926755885 0
1187.3712434080296 2
1067.6341190672267 2
263.9201342698409 0
328.17300527140856 0
505.42905848408543 0
775.5952728000082 0
959.8707071605037 0
9838.693792738302 1
12148.881225602841 1
9838.693792738304 1
96.12227236576747 0
9838.693792738306 1
15000.964476052894 1
9838.693792738306 0
4229.539739104378 0
3805.58576519394 2
1187.3712434080296 0
959.8707071605041 0
189.68777788271404 3
211.87530875857115 3
236.52812084285682 0
294.35570474426765 0
263.9201342698409 2
236.52812084285682 2
453.88615263567686 3
505.4290584840854 3
562.698953871206 3
626.3321709680066 3
697.0357455200074 0
862.8836364444533 0
3805.5857651939386 3
4229.539739104376 3
4700.599710115974 1
8853.824413464472 3
9838.693792738302 3
10932.993103042558 3
12148.881225602841 3
13499.868028447601 1
12148.881225602841 2
10932.99310304256 2
20581.172120785854 1
18522.054908707265 2
16668.849417836544 2
13499.868028447605 1
10932.993103042558 1
8853.824413464476 3
9838.693792738306 3
10932.993103042561 3
12148.881225602845 3
13499.868028447605 3
15000.964476052894 3
16668.849417836547 1
8853.824413464476 0
7967.441972118028 2
7169.697774906226 2
6451.727997415604 2
5805.555197674044 2
5223.99967790664 2
4700.5997101159755 2
3805.58576519394 0
862.8836364444536 3
959.870707160504 3
1067.6341190672267 0
959.8707071605041 2
862.8836364444538 2
211.87530875857115 0
263.9201342698409 0
407.4975373721092 0
505.4290584840855 0
626.3321709680067 0
3424.0271886745454 0
5223.999677906637 1
7967.441972118027 0
9838.693792738302 0
15000.96447605289 1
22869.080134206502 1
15000.964476052894 1
12148.881225602841 1
18522.054908707276 1
7967.44197211803 1
6451.7279974156045 1
3424.027188674546 0
151.74710008499835 3
169.7190000944426 3
189.68777788271402 0
236.52812084285682 3
263.9201342698409 3
294.35570474426765 3
328.1730052714085 3
365.7477836348983 0
453.8861526356769 0
562.6989538712061 0
505.42905848408543 2
453.8861526356769 2
3080.624469807091 0
5805.555197674041 3
6451.727997415601 3
7169.6977749062235 0
8853.824413464474 0
16668.849417836544 3
18522.05490870727 3
20581.172120785854 3
22869.080134206502 3
25411.200149118336 1
22869.080134206502 2
20581.172120785857 2
18522.054908707272 2
16668.849417836547 2
15000.964476052892 2
13499.868028447601 2
25411.200149118336 1
31374.19771496091 1
28235.77794346482 2
25411.20014911834 2
22869.080134206506 2
20581.17212078586 2
18522.054908707272 2
16668.849417836544 2
8853.824413464477 1
7967.44197211803 2
7169.697774906227 2
6451.7279974156045 2
5805.555197674045 2
3080.624469807091 0
2771.562022826382 2
2493.4058205437436 2
2243.06523848937 2
2017.7587146404328 2
1814.9828431763897 2
1632.484558858751 2
135.57239007649852 0
169.7190000944426 0
211.87530875857118 0
505.42905848408515 1
505.42905848408543 0
407.4975373721092 0
2771.562022826382 0
5223.999677906637 0
7967.441972118027 0
15000.964476052892 0
18522.054908707272 0
28235.77794346482 1
15000.96447605289 0
12148.881225602843 0
28235.77794346482 1
34861.33079440101 1
9838.693792738308 1
7967.44197211803 1
5223.9996779066405 0
1814.98284317639 0
1468.236102972876 0
121.01515106884868 0
151.7471000849984 3
169.71900009444266 3
189.68777788271407 0
169.7190000944427 2
151.7471000849984 2
453.88615263567664 3
505.42905848408515 3
562.6989538712057 1
453.88615263567686 0
365.74778363489827 0
2493.405820543744 0
4700.599710115973 0
5223.999677906637 3
5805.555197674041 3
6451.727997415601 3
7169.6977749062235 0
13499.868028447601 0
16668.849417836544 0
31374.19771496091 1
28235.77794346482 2
25411.20014911834 2
13499.868028447603 0
10932.99310304256 0
31374.19771496091 3
34861.33079440101 3
38735.92310489001 3
43041.02567210001 3
47824.47296900001 1
43041.02567210001 2
38735.92310489001 2
8853.824413464477 3
9838.693792738308 3
10932.993103042563 1
9838.693792738308 2
8853.824413464477 2
4700.599710115976 0
4229.539739104378 2
3805.585765193941 2
2017.7587146404328 1
1632.484558858751 0
1320.4124926755885 0
107.9136359619638 0
135.57239007649858 0
169.71900009444266 0
626.3321709680064 1
407.4975373721091 1
6451.7279974156 0
34861.33079440101 1
28235.777943464826 0
53139.41441000001 1
7967.441972118029 0
12148.881225602847 1
3424.027188674547 0
2243.0652384893697 1
1468.236102972876 0
96.12227236576742 0
121.01515106884872 0
151.74710008499844 0
453.88615263567664 1
562.6989538712057 1
697.035745520007 1
626.3321709680064 2
562.6989538712057 2
505.4290584840852 2
453.88615263567675 2
3080.6244698070905 3
3424.027188674545 3
3805.5857651939386 3
4229.539739104376 3
4700.599710115974 3
5223.999677906638 3
5805.555197674042 0
25411.200149118336 3
28235.77794346482 3
31374.19771496091 3
34861.33079440101 3
38735.92310489001 3
43041.02567210001 3
47824.47296900001 3
53139.41441000001 3
59044.904900000016 3
65606.56100000002 3
72897.29000000001 1
25411.200149118344 0
72897.29000000001 1
65606.56100000002 2
59044.904900000016 2
53139.41441000001 2
47824.47296900002 2
7169.697774906227 0
13499.868028447607 1
12148.881225602847 2
10932.993103042563 2
5805.555197674043 1
3080.624469807092 0
2771.562022826383 2
2493.405820543744 2
1320.4124926755883 0
1187.3712434080294 2
1067.6341190672267 2
107.91363596196385 0
135.57239007649858 0
505.42905848408515 1
626.3321709680064 1
775.5952728000078 1
3424.0271886745463 0
4229.539739104377 0
5223.999677906638 0
28235.777943464826 0
34861.330794401016 0
53139.41441000001 0
80998.1 1
80998.1 1
53139.41441000002 0
15000.964476052895 1
9838.693792738308 0
6451.727997415603 1
2771.5620228263815 1
959.8707071605039 0
75.95904061627165 3
85.51004512919071 3
96.12227236576746 0
121.01515106884871 0
562.6989538712057 3
626.3321709680064 3
697.035745520007 3
775.5952728000078 3
862.8836364444531 1
1067.634119067226 1
1320.4124926755876 3
1468.2361029728752 3
1632.4845588587502 1
3080.624469807092 0
3805.585765193939 0
4700.599710115974 0
20581.17212078586 3
22869.08013420651 3
25411.200149118344 0
28235.777943464826 3
31374.197714960916 0
38735.92310489001 1
47824.47296900002 0
89999.0 3
100000.0 3
0.0 0
100000.0 2
89999.0 2
47824.47296900002 0
25411.200149118344 1
22869.08013420651 2
20581.17212078586 2
18522.054908707276 2
16668.84941783655 2
8853.824413464476 0
7967.441972118028 2
7169.697774906225 2
3805.5857651939386 1
3080.6244698070905 1
697.0357455200075 3
775.5952728000083 3
862.8836364444536 0
67.36313655464448 0
85.51004512919071 0
107.91363596196385 0
505.42905848408526 0
959.8707071605035 1
1187.371243408029 1
1814.9828431763892 1
2771.5620228263824 0
3424.027188674545 0
4229.539739104376 0
28235.777943464826 0
43041.02567210001 1
100000.0 0
80998.1 0
43041.02567210002 0
28235.777943464826 1
18522.054908707276 0
15000.964476052894 0
7967.4419721180275 0
6451.727997415603 0
4229.539739104376 1
3424.027188674545 1
59.626822899180034 0
75.95904061627165 0
96.12227236576747 0
453.88615263567675 0
407.4975373721091 2
365.7477836348982 2
1067.634119067226 3
1187.371243408029 3
1320.4124926755876 3
1468.2361029728752 3
1632.4845588587502 3
1814.9828431763892 3
2017.7587146404323 3
2243.065238489369 3
2493.4058205437436 3
2771.5620228263815 3
3080.6244698070905 0
3805.5857651939386 0
3424.027188674545 2
3080.6244698070905 2
2771.5620228263815 2
2493.4058205437436 2
25411.200149118344 0
47824.47296900001 3
53139.41441000001 3
59044.904900000016 3
65606.56100000002 3
72897.29000000001 3
80998.1 3
89999.0 0
80998.1 2
72897.29000000001 2
38735.92310489002 0
34861.330794401016 2
31374.197714960916 2
16668.849417836547 0
15000.964476052894 2
13499.868028447605 2
7169.697774906225 0
5805.555197674042 0
5223.999677906638 2
4700.599710115974 2
4229.539739104376 2
3805.5857651939386 2
3424.027188674545 2
3080.6244698070905 2
2771.5620228263815 2
2493.4058205437436 2
0.0 0
